16 20 24 28 32 36 40 44 48 52 56 60 64 
0.0166667 0.0333333 0.05 0.0666667 0.0833333 0.1 0.116667 0.133333 0.15 0.166667 0.183333 0.2 0.216667 0.233333 0.25 0.266667 0.283333 0.3 0.316667 0.333333 0.35 0.366667 0.383333 0.4 0.416667 0.433333 0.45 0.466667 0.483333 0.5 0.516667 0.533333 0.55 0.566667 0.583333 0.6 0.616667 0.633333 0.65 0.666667 0.683333 0.7 0.716667 0.733333 0.75 0.766667 0.783333 0.8 0.816667 0.833333 
0.00435722 0.00600719 0.00655817 0.00675765 0.00682813 0.00685578 0.00686387 0.00687354 0.00687956 0.00687891 0.00688242 0.00688426 0.00688582 0.00688593 0.00688857 0.00688865 0.00689452 0.00690025 0.00689289 0.00688748 0.00689272 0.00688996 0.00688642 0.00688994 0.00689111 0.00689315 0.00689596 0.00689389 0.00689157 0.00688906 0.00689083 0.00689093 0.00689119 0.0068905 0.00688948 0.0068912 0.00689239 0.00689424 0.00689403 0.0068895 0.00688602 0.00688726 0.0068897 0.00689166 0.00689137 0.0068876 0.00688589 0.00688726 0.00689315 0.00689031 
0.00800266 0.0124369 0.0145935 0.0156582 0.0161902 0.0164498 0.0165917 0.0166724 0.016712 0.0167279 0.0167469 0.0167467 0.0167554 0.0167439 0.0167495 0.0167639 0.0167828 0.0167879 0.0167858 0.0167835 0.0167908 0.0167834 0.0167758 0.0167692 0.0167649 0.0167637 0.0167686 0.0167768 0.0167804 0.0167869 0.0167868 0.016784 0.0167896 0.0167909 0.016793 0.0167971 0.0168038 0.0168044 0.0167983 0.0167929 0.0167933 0.0167911 0.0167949 0.0167959 0.0167949 0.0167983 0.0167966 0.0167936 0.0167948 0.0167961 
0.0102137 0.0171807 0.0214183 0.0239955 0.025575 0.0265382 0.0271398 0.0275231 0.027776 0.0279451 0.0280659 0.0281291 0.0281801 0.0282043 0.0282044 0.0282 0.0282036 0.0281993 0.0282083 0.0282152 0.028231 0.0282395 0.0282338 0.0282208 0.028215 0.0282168 0.028225 0.0282467 0.028245 0.0282696 0.028268 0.0282616 0.0282466 0.0282386 0.0282264 0.0282302 0.0282208 0.028219 0.0282201 0.0282246 0.0282408 0.028253 0.0282684 0.0282738 0.0282801 0.0282685 0.0282635 0.0282664 0.0282667 0.0282758 
0.0119437 0.0211965 0.027639 0.0321061 0.0352397 0.0374196 0.0389616 0.0400527 0.0408047 0.0413625 0.0417588 0.0420486 0.042262 0.0424063 0.0424889 0.0425375 0.0425642 0.042574 0.0426076 0.0426108 0.0426128 0.0426142 0.0426109 0.0426149 0.0426469 0.0426779 0.0426924 0.0427161 0.0427305 0.0427568 0.0427507 0.0427598 0.0427402 0.0427329 0.0427273 0.0427347 0.0427359 0.0427516 0.0427553 0.0427497 0.042753 0.0427474 0.0427577 0.0427465 0.0427331 0.0427239 0.0427208 0.0427454 0.0427593 0.0427636 
0.0135903 0.0250342 0.0337229 0.0402662 0.0452539 0.0490389 0.0519172 0.0541125 0.0557773 0.0570807 0.0580838 0.058875 0.0594826 0.0599366 0.0602904 0.0605567 0.0607488 0.0608856 0.0610334 0.061098 0.0611396 0.0611768 0.0611892 0.0612257 0.0612758 0.0613277 0.0613567 0.0613973 0.0614362 0.0614747 0.0614858 0.06149 0.0614862 0.0614859 0.0614857 0.0614766 0.0614657 0.061454 0.061446 0.0614408 0.0614468 0.0614482 0.0614477 0.061421 0.0613692 0.0613443 0.0613409 0.0613685 0.0613875 0.0614049 
0.0148347 0.0280235 0.038635 0.0470949 0.053896 0.0593627 0.0637627 0.0673172 0.0702081 0.0725786 0.0744891 0.0760641 0.0773397 0.0783624 0.0791848 0.0798586 0.0804101 0.0808436 0.0812226 0.0814835 0.0817004 0.0818783 0.0820178 0.0821469 0.0822619 0.0823383 0.0823779 0.0824313 0.082492 0.082529 0.0825847 0.0826312 0.0826783 0.0827211 0.0827435 0.082751 0.082749 0.0827529 0.082741 0.0827279 0.0827329 0.0827454 0.0827303 0.0827072 0.0826801 0.0826643 0.082653 0.0826569 0.0826698 0.0826935 
0.0156494 0.030123 0.0422891 0.0524311 0.06091 0.0679833 0.0738997 0.0788801 0.0830698 0.08663 0.0896019 0.0921305 0.0942555 0.0960569 0.0975743 0.0988526 0.0999515 0.100855 0.10163 0.102271 0.102816 0.103266 0.103644 0.103979 0.104289 0.104527 0.104695 0.104837 0.104961 0.10506 0.105167 0.105261 0.105358 0.105451 0.105505 0.105552 0.105578 0.105617 0.105656 0.105687 0.105713 0.105728 0.105713 0.105707 0.105674 0.105646 0.105626 0.105604 0.105586 0.105599 
0.0160807 0.0314228 0.0447453 0.0562111 0.0660791 0.0745659 0.0818963 0.0882418 0.0937164 0.0985041 0.102643 0.106246 0.109386 0.112117 0.114467 0.116503 0.118296 0.119819 0.121136 0.122278 0.123269 0.124109 0.124832 0.125454 0.126023 0.126496 0.126888 0.127232 0.127536 0.127819 0.128056 0.12827 0.128465 0.128636 0.128762 0.128857 0.128925 0.128999 0.129104 0.12921 0.129292 0.129346 0.12937 0.12935 0.129295 0.129265 0.129257 0.129245 0.129251 0.129279 
0.0161297 0.0318958 0.0459187 0.058255 0.0690965 0.078646 0.0870811 0.0945093 0.101054 0.106885 0.112046 0.116631 0.12069 0.124289 0.127447 0.130271 0.132772 0.134969 0.136929 0.138659 0.140188 0.141537 0.142747 0.143804 0.144774 0.145607 0.146328 0.146991 0.147568 0.148092 0.148565 0.148984 0.149342 0.149675 0.149922 0.15012 0.150279 0.150442 0.150624 0.150797 0.150953 0.151077 0.151155 0.151188 0.151193 0.151192 0.151197 0.1512 0.151256 0.151339 
0.0159212 0.0317941 0.0461748 0.0590124 0.0705089 0.0808191 0.0900751 0.0983676 0.105821 0.112533 0.118582 0.124056 0.12898 0.133419 0.137419 0.141066 0.144352 0.147312 0.149975 0.152396 0.15457 0.156531 0.158291 0.159854 0.161293 0.16259 0.163743 0.164784 0.165722 0.166543 0.167306 0.168006 0.168605 0.169133 0.169582 0.169962 0.170296 0.170615 0.170917 0.171208 0.171468 0.171713 0.171934 0.172129 0.172289 0.172425 0.172562 0.172674 0.172841 0.173026 
0.0154869 0.0311765 0.045581 0.0586127 0.0704384 0.0811812 0.0909793 0.0998873 0.108015 0.115454 0.122239 0.128446 0.134131 0.139329 0.144096 0.148487 0.152514 0.156212 0.159573 0.162656 0.165469 0.168066 0.170427 0.172564 0.174527 0.176306 0.177938 0.179431 0.180808 0.182055 0.18319 0.18425 0.185191 0.186022 0.18676 0.187412 0.188017 0.18859 0.189134 0.189651 0.190116 0.190581 0.191019 0.191426 0.191773 0.192081 0.1924 0.192692 0.193002 0.193339 
0.0149308 0.0302595 0.0445255 0.0575906 0.069594 0.0806326 0.0908163 0.100183 0.108817 0.11682 0.124216 0.131057 0.137397 0.143282 0.148733 0.153805 0.158505 0.162891 0.166925 0.170653 0.174079 0.177276 0.180191 0.182864 0.185333 0.187589 0.189678 0.191607 0.193412 0.195087 0.196638 0.198119 0.199479 0.200727 0.201831 0.202836 0.203768 0.20461 0.205423 0.206206 0.206929 0.207626 0.208288 0.2089 0.209441 0.20994 0.210429 0.210901 0.211366 0.211821 
0.0142245 0.0289708 0.0428305 0.0556729 0.0676051 0.0786993 0.0890273 0.0986229 0.10755 0.115887 0.123656 0.130912 0.137708 0.144082 0.150028 0.155599 0.160809 0.165674 0.170197 0.174422 0.178349 0.182039 0.185483 0.18869 0.191677 0.194423 0.19702 0.199458 0.201775 0.203968 0.206022 0.207977 0.209775 0.211462 0.212992 0.214416 0.21576 0.217002 0.218187 0.219311 0.220346 0.221313 0.22222 0.223075 0.223845 0.224544 0.225237 0.225907 0.226539 0.227154 
