7 8 10 12 14 16 18 20 22 24 26 28 
0.0166667 0.0333333 0.05 0.0666667 0.0833333 0.1 0.116667 0.133333 0.15 0.166667 0.183333 0.2 0.216667 0.233333 0.25 0.266667 0.283333 0.3 0.316667 0.333333 0.35 0.366667 0.383333 0.4 0.416667 0.433333 0.45 0.466667 0.483333 0.5 0.516667 0.533333 0.55 0.566667 0.583333 0.6 0.616667 0.633333 0.65 0.666667 0.683333 0.7 0.716667 0.733333 0.75 0.766667 0.783333 0.8 0.816667 0.833333 
0.0005707 0.00078654 0.000902115 0.000949226 0.000987655 0.00101391 0.00101734 0.00104191 0.00103474 0.00104591 0.00102704 0.00102232 0.00101224 0.000999057 0.00101099 0.00102535 0.00103333 0.00102514 0.00102674 0.00103643 0.0010437 0.00105065 0.00102135 0.0010355 0.00103844 0.0010274 0.00104905 0.0010635 0.00108009 0.00107306 0.00108736 0.00107906 0.00107929 0.00107588 0.00107879 0.00109707 0.00108813 0.00108607 0.00108299 0.00107856 0.00108921 0.00109236 0.00109653 0.00110235 0.00109746 0.00109021 0.00109734 0.00109907 0.00109593 0.00110021 
0.00118697 0.00178821 0.00214806 0.0023368 0.00246645 0.0025429 0.0025814 0.00264213 0.00262312 0.00265003 0.00261362 0.00261837 0.00261133 0.00258131 0.00258392 0.00260922 0.00262471 0.00261179 0.00261878 0.00264926 0.00267044 0.00271261 0.00266269 0.00268041 0.00266719 0.00264299 0.00267982 0.00274436 0.00277865 0.00276275 0.00279768 0.00279645 0.00280791 0.00280338 0.00280165 0.00280753 0.00280625 0.00280682 0.00280854 0.00281361 0.00283293 0.0028419 0.00284049 0.00285199 0.00284812 0.00283977 0.00282798 0.00282945 0.00278976 0.00277653 
0.00156621 0.00259115 0.00331401 0.00379008 0.00409643 0.00425259 0.00434249 0.00442408 0.00445487 0.0045647 0.00460861 0.00468209 0.0047407 0.00470156 0.00464258 0.00463995 0.00468646 0.00471245 0.00475813 0.0048415 0.00492419 0.0049926 0.00500278 0.00500112 0.00498407 0.00496998 0.00498653 0.00505988 0.00505614 0.00503424 0.00506485 0.00509417 0.00513767 0.00514324 0.00512605 0.00511765 0.00509931 0.0051019 0.00513313 0.00515753 0.00514785 0.00513418 0.00514368 0.00510505 0.00510357 0.00514449 0.00514026 0.00516963 0.00514857 0.00511971 
0.00121423 0.00211787 0.00279766 0.00330264 0.00364703 0.00382382 0.00390683 0.00402249 0.00415946 0.00434642 0.00451788 0.00466884 0.0047763 0.00474563 0.00469929 0.00470247 0.00474398 0.00477851 0.00484415 0.00492686 0.00502304 0.00507163 0.00510295 0.00510612 0.0051143 0.00509357 0.00509538 0.00512894 0.00513423 0.0051282 0.00513147 0.00513321 0.00512177 0.0051236 0.00513145 0.00517142 0.00520113 0.00524325 0.00529108 0.00531922 0.00530836 0.00526893 0.00524989 0.00523637 0.00521484 0.00523397 0.00523872 0.00525651 0.00522172 0.00519488 
0.0012186 0.00221927 0.00298964 0.00358409 0.0040517 0.00437542 0.00463614 0.00490443 0.00513301 0.00535267 0.0055749 0.00578695 0.00590072 0.00594698 0.00598499 0.00603671 0.00606352 0.00606798 0.00611675 0.0061768 0.00625698 0.00630863 0.00633066 0.00637503 0.00643547 0.00647451 0.0065207 0.00658451 0.00662593 0.0066409 0.00664969 0.00664687 0.00662038 0.00659779 0.00658551 0.00661385 0.00666882 0.00672817 0.00678973 0.00682859 0.00683611 0.006839 0.00683931 0.00685581 0.00685366 0.00684912 0.00683371 0.00682625 0.00677672 0.00672082 
0.00157445 0.00296724 0.00407055 0.00493363 0.00567959 0.0062941 0.00685949 0.00739743 0.00778313 0.00810546 0.00843077 0.0087686 0.00894205 0.00908439 0.00921366 0.0093366 0.00938265 0.00941058 0.00950603 0.00960816 0.00973713 0.00984587 0.0099073 0.0100389 0.0102045 0.0103544 0.0105067 0.0106409 0.0107332 0.0107696 0.0108041 0.0108467 0.0108745 0.0108884 0.010874 0.010887 0.0109621 0.0110656 0.0111494 0.0112226 0.0112921 0.0113524 0.0113883 0.011421 0.0114395 0.011456 0.0114687 0.0114954 0.0114931 0.0114703 
0.00175293 0.00334885 0.00465232 0.00569568 0.006641 0.00748048 0.00825922 0.00899747 0.00954079 0.0100002 0.0104506 0.0109239 0.0112167 0.0114644 0.0116779 0.0118798 0.0119988 0.0121108 0.0122982 0.0125041 0.0127374 0.0129562 0.0131034 0.0133091 0.013549 0.0137774 0.0140247 0.0142285 0.0143845 0.0144662 0.0145258 0.0146248 0.0147196 0.014773 0.0147785 0.0147947 0.0148716 0.0149987 0.0150928 0.0151809 0.0152912 0.0153886 0.0154503 0.0155096 0.0155633 0.0156422 0.0157223 0.0158083 0.0158646 0.0159072 
0.00171145 0.00328975 0.00462159 0.00570591 0.00672446 0.00765834 0.00853213 0.00935644 0.00998406 0.0105348 0.0110705 0.0116374 0.0120351 0.012374 0.0126561 0.0129218 0.0131186 0.0133165 0.0135874 0.0138951 0.0142378 0.0145666 0.01481 0.015082 0.0153806 0.0156785 0.0160138 0.0163066 0.01657 0.016748 0.0168733 0.0170433 0.0172162 0.0173299 0.017393 0.0174479 0.0175424 0.0176802 0.017773 0.0178704 0.0180066 0.018133 0.0182096 0.0183049 0.0183972 0.0185312 0.01867 0.0188041 0.0189016 0.0190009 
0.00160574 0.00309836 0.00440248 0.00548406 0.00652091 0.00747089 0.00836072 0.00920465 0.00987817 0.0104791 0.0110626 0.0116944 0.0121719 0.0125834 0.0129249 0.013266 0.0135521 0.0138254 0.0141609 0.0145317 0.0149463 0.0153464 0.0156766 0.0160037 0.0163491 0.0166997 0.017107 0.0174861 0.0178503 0.0181316 0.0183461 0.018609 0.0188669 0.0190683 0.0192334 0.0193754 0.0195379 0.0197235 0.0198727 0.0200195 0.0201941 0.0203733 0.0204922 0.0206396 0.0207617 0.0209307 0.0211104 0.0212548 0.0213668 0.0214748 
0.00155834 0.00303031 0.00435139 0.00546279 0.00653328 0.00751137 0.00842527 0.00929197 0.0100177 0.0106787 0.0113231 0.012017 0.0125682 0.0130538 0.0134696 0.0138795 0.0142364 0.0145676 0.0149607 0.0153953 0.0158527 0.0162914 0.0166708 0.0170496 0.0174616 0.0178824 0.0183488 0.0187963 0.0192429 0.0196168 0.0199131 0.0202501 0.020558 0.0208212 0.0210749 0.0212975 0.0215322 0.0217799 0.0220083 0.0222295 0.0224721 0.0227139 0.0228859 0.0230869 0.0232422 0.0234459 0.0236629 0.0238366 0.0239844 0.0241167 
0.00157614 0.00309069 0.00445842 0.00562418 0.00675024 0.0077935 0.00876869 0.00971879 0.0105498 0.0113177 0.0120639 0.0128581 0.0135197 0.014104 0.0146265 0.0151345 0.0155958 0.0160286 0.0165111 0.0170346 0.0175671 0.0180786 0.0185406 0.0190144 0.0195183 0.0200238 0.020557 0.0210862 0.0216294 0.0220934 0.0224815 0.0228944 0.0232735 0.0236175 0.0239577 0.0242609 0.0245554 0.0248498 0.0251366 0.0254162 0.025725 0.0260126 0.0262386 0.0264939 0.0266982 0.0269416 0.0271996 0.027407 0.0275938 0.0277573 
0.00161282 0.00316653 0.00456425 0.00578103 0.00696825 0.00807988 0.00910993 0.0101128 0.0110202 0.011855 0.0126748 0.0135553 0.01431 0.0149828 0.0156029 0.0162095 0.0167736 0.017303 0.0178863 0.0184936 0.0191061 0.0196959 0.0202437 0.0207951 0.0213684 0.0219449 0.0225559 0.0231663 0.0238014 0.0243522 0.0248286 0.0253165 0.0257655 0.0261748 0.0265925 0.0269727 0.0273337 0.0276907 0.0280354 0.0283737 0.028734 0.0290748 0.0293448 0.0296354 0.0298706 0.0301352 0.0304104 0.0306317 0.0308494 0.0310443 
