16 20 24 32 40 48 64 80 96 
1 2 3 4 5 6 7 8 9 10 11 12 13 14 15 16 17 18 19 20 21 22 23 24 25 26 27 28 29 30 31 32 33 34 35 36 37 38 39 40 41 42 43 44 45 46 47 48 49 50 
0.0666252 0.136693 0.203762 0.266513 0.328347 0.387024 0.443874 0.499203 0.553948 0.606783 0.6576 0.706442 0.754657 0.800502 0.846683 0.891743 0.937452 0.981836 1.0248 1.06684 1.10732 1.14803 1.18767 1.22715 1.26505 1.30151 1.33617 1.37005 1.40309 1.43529 1.46828 1.50113 1.53237 1.56429 1.59712 1.62985 1.66152 1.69347 1.7257 1.75669 1.78626 1.81342 1.84156 1.8675 1.89244 1.91565 1.93941 1.96227 1.98445 2.00606 
0.0991969 0.207619 0.312521 0.412864 0.510439 0.603701 0.694487 0.783235 0.868778 0.952712 1.03363 1.11278 1.19027 1.26596 1.34007 1.41149 1.48125 1.54782 1.61404 1.67927 1.74084 1.80102 1.85955 1.91575 1.96984 2.0205 2.06862 2.11468 2.15974 2.20306 2.24411 2.28528 2.32495 2.36391 2.40211 2.43997 2.47542 2.50872 2.54209 2.57468 2.60712 2.63939 2.67142 2.7016 2.72983 2.75547 2.78223 2.80905 2.83365 2.85834 
0.133681 0.278536 0.417388 0.547647 0.672985 0.789049 0.898552 1.00517 1.10588 1.20342 1.29776 1.38868 1.47499 1.55705 1.63771 1.71713 1.79263 1.86446 1.9339 2.00172 2.06871 2.1321 2.19189 2.24825 2.30086 2.35069 2.39724 2.44064 2.48128 2.52155 2.56252 2.60264 2.64155 2.68135 2.71948 2.75607 2.78996 2.82023 2.84776 2.87596 2.9036 2.92904 2.95536 2.98109 3.00532 3.02883 3.05285 3.0776 3.1004 3.12154 
0.184712 0.379388 0.562326 0.73139 0.889809 1.03424 1.16704 1.28933 1.40181 1.50695 1.60431 1.69428 1.77772 1.85852 1.93414 2.00339 2.06792 2.1295 2.19042 2.25006 2.30539 2.35834 2.40376 2.44545 2.48259 2.5172 2.54893 2.5783 2.60643 2.63323 2.66264 2.68925 2.71421 2.73779 2.75956 2.78019 2.79918 2.81815 2.83561 2.8513 2.86656 2.87981 2.895 2.91079 2.92391 2.93317 2.94097 2.94862 2.95541 2.96285 
0.208682 0.420562 0.612212 0.784127 0.939512 1.07634 1.19847 1.30642 1.40301 1.49011 1.56932 1.64106 1.70453 1.76338 1.81627 1.86404 1.90635 1.94666 1.98245 2.01362 2.04267 2.06841 2.0891 2.10748 2.12351 2.1379 2.14943 2.16054 2.17018 2.17694 2.18554 2.19252 2.1963 2.19698 2.19688 2.19692 2.19806 2.20148 2.20306 2.20476 2.20844 2.21188 2.21647 2.22473 2.23268 2.23822 2.24164 2.24328 2.24538 2.2487 
0.211682 0.412515 0.584911 0.733542 0.861162 0.970295 1.06439 1.14507 1.214 1.2731 1.32445 1.36813 1.40326 1.43409 1.46083 1.48326 1.50202 1.51998 1.53569 1.54751 1.55766 1.56551 1.57019 1.57521 1.58049 1.58637 1.59095 1.59679 1.60045 1.60237 1.60461 1.60497 1.60349 1.60181 1.59898 1.59816 1.5989 1.59965 1.60031 1.60151 1.6036 1.60542 1.60906 1.61252 1.61614 1.61859 1.62016 1.61978 1.61997 1.6214 
0.186626 0.34325 0.462241 0.55354 0.623295 0.678135 0.720727 0.752722 0.775738 0.792684 0.806545 0.818524 0.826232 0.832818 0.838521 0.84266 0.845915 0.848756 0.850825 0.851849 0.85214 0.852086 0.852042 0.853223 0.854891 0.857116 0.858442 0.860553 0.861873 0.863049 0.863878 0.864005 0.864025 0.863865 0.861966 0.860816 0.860531 0.860362 0.860621 0.861209 0.861345 0.861382 0.8618 0.86126 0.860263 0.860119 0.860661 0.861375 0.862207 0.863219 
0.15419 0.265943 0.337756 0.383293 0.414239 0.435691 0.451955 0.461981 0.468845 0.472379 0.476136 0.479138 0.480911 0.481945 0.482402 0.482232 0.482743 0.483312 0.482658 0.482231 0.481596 0.48094 0.479779 0.479624 0.479923 0.48069 0.481727 0.482704 0.482885 0.48272 0.482154 0.482145 0.481349 0.482249 0.482785 0.483112 0.482756 0.48213 0.482216 0.48238 0.482856 0.483327 0.483316 0.483042 0.482738 0.482351 0.482413 0.482193 0.481127 0.481455 
0.129805 0.207891 0.249989 0.270994 0.283702 0.291058 0.29643 0.299339 0.301331 0.300831 0.301558 0.300955 0.301367 0.301189 0.301475 0.302285 0.303308 0.303412 0.302799 0.30224 0.302387 0.303055 0.303102 0.303627 0.303224 0.303423 0.303026 0.302828 0.303055 0.30339 0.303645 0.303495 0.303704 0.303892 0.30427 0.304404 0.303837 0.303019 0.303551 0.303203 0.303277 0.303168 0.303655 0.304725 0.305108 0.304831 0.304833 0.304527 0.304593 0.30531 
