7 8 10 12 14 16 18 20 22 24 26 28 
0.0166667 0.0333333 0.05 0.0666667 0.0833333 0.1 0.116667 0.133333 0.15 0.166667 0.183333 0.2 0.216667 0.233333 0.25 0.266667 0.283333 0.3 0.316667 0.333333 0.35 0.366667 0.383333 0.4 0.416667 0.433333 0.45 0.466667 0.483333 0.5 0.516667 0.533333 0.55 0.566667 0.583333 0.6 0.616667 0.633333 0.65 0.666667 0.683333 0.7 0.716667 0.733333 0.75 0.766667 0.783333 0.8 0.816667 0.833333 
0.000117162 0.000126186 0.000131703 0.000135862 0.000139213 0.000140981 0.000141936 0.000144679 0.000145697 0.000145039 0.000145323 0.000147201 0.000147741 0.000149512 0.0001508 0.000151144 0.000151711 0.000150998 0.000150408 0.000150739 0.000151143 0.000151694 0.000152361 0.000152654 0.000152888 0.000153339 0.00015385 0.000153929 0.00015447 0.000154395 0.000154112 0.000154105 0.000154298 0.000154626 0.000155025 0.000155478 0.000155134 0.000155152 0.00015502 0.000155094 0.000155155 0.000155368 0.000155645 0.000156046 0.000156324 0.000156395 0.000156595 0.000156559 0.000156947 0.000156562 
0.000154009 0.000187819 0.000206879 0.000220567 0.00023317 0.000238852 0.000241569 0.000250105 0.000253907 0.000250784 0.000249325 0.000254049 0.000254271 0.000259725 0.000264937 0.00026764 0.000270248 0.000267213 0.00026506 0.00026448 0.000263924 0.000263834 0.000265573 0.000265128 0.000266341 0.000269019 0.000270672 0.00026994 0.000271962 0.00027349 0.000271386 0.000269739 0.000268484 0.000268403 0.000268042 0.00026852 0.000268211 0.000268442 0.000268408 0.000268262 0.000268869 0.000270309 0.000272283 0.000273518 0.00027341 0.000273448 0.000273763 0.000274442 0.000274801 0.000275621 
0.000344222 0.000524609 0.000635163 0.000705503 0.000775839 0.000816891 0.00084307 0.000881989 0.000900309 0.000902311 0.000900329 0.000915353 0.000913241 0.000929333 0.000947877 0.000967168 0.000971274 0.000957259 0.000951487 0.000952209 0.000954924 0.000954893 0.000965326 0.000962481 0.000964294 0.000979765 0.000991664 0.000998978 0.00101079 0.00103251 0.00102829 0.00102374 0.00101626 0.00101367 0.00100247 0.000995419 0.000991937 0.000987485 0.000989262 0.000982948 0.000980849 0.000979315 0.000992252 0.00100121 0.00100342 0.00100879 0.00101602 0.00102441 0.00102234 0.00102433 
0.000543782 0.000919128 0.00117269 0.00133756 0.00149419 0.00160176 0.00167721 0.0017714 0.00183596 0.00187907 0.00189559 0.00192895 0.00194272 0.00197402 0.00200227 0.00203543 0.00202912 0.00200937 0.00199764 0.00199819 0.00200797 0.00201812 0.0020436 0.00205516 0.00205283 0.00207022 0.00210208 0.00213059 0.00216186 0.00220487 0.0022203 0.00222806 0.00221478 0.00220659 0.00218087 0.00215918 0.00215036 0.00213141 0.00212414 0.00210686 0.00210123 0.00209553 0.00211608 0.00212588 0.0021375 0.00216007 0.0021776 0.0021899 0.00219285 0.00219334 
0.000625039 0.00111543 0.001485 0.00174432 0.00197446 0.00214222 0.00226635 0.00241716 0.00253974 0.0026431 0.0027059 0.00277152 0.00281582 0.00285997 0.00289491 0.00293597 0.00293207 0.00293138 0.00292262 0.0029088 0.00290373 0.00290837 0.00293852 0.00296359 0.00297131 0.00298184 0.0030249 0.00307697 0.00312744 0.00318143 0.00321917 0.00325438 0.00324384 0.00323908 0.00321263 0.0031906 0.00317934 0.0031552 0.00313633 0.00311603 0.00310999 0.00310392 0.00311223 0.00311487 0.00312618 0.00315844 0.00317619 0.00319052 0.00321318 0.00322766 
0.000644125 0.00118853 0.00164063 0.00198752 0.00228409 0.00251494 0.00269663 0.00289703 0.00307082 0.00322129 0.00333791 0.00344246 0.00352704 0.00359571 0.00363901 0.00369736 0.00372153 0.00375979 0.00377717 0.00377712 0.00376813 0.00376263 0.00377887 0.003794 0.00380861 0.0038178 0.00386275 0.00393236 0.00400666 0.00406818 0.00412928 0.00419191 0.00420478 0.00421707 0.0042078 0.00420098 0.00419612 0.00418529 0.00418026 0.00418182 0.00419146 0.00419895 0.00418905 0.00418773 0.00419834 0.00422592 0.00423012 0.00424247 0.00427225 0.00429987 
0.00060344 0.00112388 0.00157217 0.00193681 0.00225481 0.00251372 0.00273215 0.00295503 0.00315036 0.00331009 0.00344556 0.00356493 0.00366614 0.0037514 0.00380883 0.00389096 0.00394851 0.00401827 0.00406172 0.00409104 0.00409858 0.00409931 0.00410457 0.00410454 0.00411609 0.0041323 0.0041724 0.00423499 0.00430902 0.00437318 0.00444194 0.0045112 0.00454762 0.00458259 0.00460221 0.0046159 0.0046227 0.00462693 0.00463803 0.00465226 0.00467488 0.00469344 0.00468978 0.0046965 0.00471201 0.00473024 0.00472866 0.00474646 0.00477529 0.00480587 
0.000521751 0.000960839 0.00134591 0.00167519 0.0019701 0.00221779 0.00243085 0.00263783 0.00282128 0.00296266 0.00309318 0.00321164 0.00331411 0.0034026 0.00346987 0.00356443 0.00364377 0.00373464 0.00380069 0.00386101 0.00389402 0.00391217 0.00392428 0.00392912 0.00394439 0.00397344 0.00401159 0.00406196 0.00412006 0.00417411 0.00423723 0.0042984 0.00434854 0.00439717 0.00444816 0.00448272 0.00450154 0.00452158 0.00454626 0.00456922 0.00459849 0.0046296 0.00464784 0.00466754 0.00469178 0.00471616 0.00473021 0.00475941 0.00478986 0.00481766 
0.000456479 0.000832915 0.00116265 0.00145181 0.00172135 0.00195357 0.0021546 0.00234911 0.00252594 0.0026643 0.00279565 0.00292005 0.00303135 0.00313141 0.00322272 0.00333969 0.00344051 0.00354569 0.00362771 0.00371323 0.00376707 0.00380421 0.00383462 0.00385766 0.00387957 0.00391742 0.00395903 0.00400758 0.00405236 0.00410349 0.00415919 0.00421628 0.0042738 0.00432803 0.00439385 0.00444472 0.00447345 0.00450732 0.00454116 0.0045724 0.00460717 0.00464646 0.00468082 0.00471442 0.0047445 0.00477482 0.00480011 0.00483243 0.00485974 0.00487985 
0.000448011 0.000821399 0.00114521 0.00143411 0.00171312 0.00196058 0.00217798 0.00239159 0.00258702 0.00274643 0.00289574 0.00303637 0.00316804 0.00328904 0.00341572 0.00356779 0.00369773 0.00382323 0.00392838 0.00404155 0.00412806 0.00419303 0.00425202 0.00430753 0.00435145 0.00440667 0.00446611 0.00453337 0.00458785 0.00465535 0.0047265 0.00479781 0.00486838 0.00493622 0.00501435 0.00507966 0.00512531 0.00517819 0.00522189 0.00526093 0.00529737 0.00533924 0.00538079 0.00542109 0.00545643 0.00549182 0.00552434 0.00555706 0.00558604 0.00560812 
0.00048981 0.000912587 0.00127817 0.00160394 0.00192773 0.00222707 0.00249425 0.00275943 0.00301077 0.00322828 0.00342742 0.00361442 0.00378922 0.00395042 0.00412506 0.00432746 0.00450645 0.00467421 0.00482348 0.00498 0.00510462 0.00520948 0.00530207 0.0054048 0.00548334 0.00556515 0.00565196 0.00575077 0.00583431 0.00592659 0.00602422 0.00612342 0.00621689 0.00630349 0.00640024 0.0064843 0.00655509 0.00663474 0.00670043 0.00676463 0.00681805 0.00687417 0.00693611 0.00699145 0.00704267 0.00708404 0.00711837 0.0071468 0.00717588 0.00720817 
0.00054206 0.00102181 0.00143558 0.00180777 0.00218143 0.00253179 0.00284849 0.00317028 0.00348327 0.00376406 0.0040209 0.00426345 0.00448976 0.00470056 0.00491884 0.00516742 0.00539033 0.00559575 0.00577946 0.00597021 0.00612472 0.00626351 0.00638705 0.00652833 0.00664211 0.00675281 0.00686774 0.00699512 0.00711102 0.00723172 0.00735721 0.00748329 0.00759707 0.00769739 0.00781225 0.00791628 0.00801788 0.0081255 0.00821405 0.00830802 0.00839268 0.00847401 0.00856551 0.00864946 0.00872938 0.00879452 0.00884588 0.00888318 0.00892046 0.00896976 
