16 20 24 32 40 48 64 80 96 
1 2 3 4 5 6 7 8 9 10 11 12 13 14 15 16 17 18 19 20 21 22 23 24 25 26 27 28 29 30 31 32 33 34 35 36 37 38 39 40 41 42 43 44 45 46 47 48 49 50 
0.0709147 0.144999 0.215713 0.282816 0.347895 0.41087 0.471196 0.529776 0.587846 0.645276 0.70189 0.756535 0.808743 0.859601 0.91081 0.959999 1.00759 1.0543 1.09999 1.14374 1.18519 1.22518 1.26528 1.30297 1.34026 1.37712 1.41449 1.45095 1.48579 1.51965 1.55355 1.58579 1.61718 1.64799 1.67866 1.70666 1.73231 1.75658 1.78138 1.8055 1.82803 1.8506 1.87187 1.89256 1.91365 1.93423 1.95369 1.97417 1.99481 2.01494 
0.0959764 0.196848 0.294878 0.386903 0.473696 0.556532 0.636006 0.712438 0.787041 0.860005 0.930959 0.999704 1.06726 1.13275 1.1969 1.25966 1.32072 1.38188 1.44145 1.49861 1.55428 1.60897 1.66172 1.71344 1.76363 1.81184 1.85916 1.90427 1.94785 1.98983 2.02989 2.06787 2.10524 2.14248 2.18019 2.2166 2.25016 2.28304 2.31648 2.34958 2.38238 2.41386 2.44506 2.47555 2.50517 2.5326 2.55945 2.58426 2.60845 2.632 
0.125014 0.253462 0.377395 0.493864 0.605371 0.710546 0.812372 0.910689 1.00576 1.09466 1.179 1.25939 1.33711 1.41153 1.48436 1.55266 1.61897 1.68429 1.74751 1.80605 1.86376 1.91946 1.97367 2.02389 2.0712 2.11495 2.1568 2.1981 2.236 2.27383 2.30857 2.34128 2.37343 2.40557 2.43649 2.46483 2.49128 2.5162 2.54021 2.5641 2.58686 2.60773 2.62639 2.64549 2.666 2.68343 2.70048 2.71584 2.72957 2.74438 
0.17245 0.350656 0.518082 0.670958 0.812131 0.943802 1.06699 1.18246 1.29009 1.38703 1.47609 1.55947 1.63844 1.71389 1.78519 1.8523 1.9158 1.97451 2.02847 2.07683 2.12078 2.16047 2.19632 2.22923 2.261 2.29213 2.32122 2.34761 2.3711 2.39207 2.41161 2.43076 2.44888 2.46524 2.48104 2.49455 2.506 2.51518 2.52479 2.53608 2.54657 2.55517 2.56362 2.5702 2.57759 2.58424 2.59123 2.59914 2.60651 2.61345 
0.199329 0.398076 0.579035 0.73886 0.881861 1.01299 1.13132 1.23827 1.33473 1.42019 1.4934 1.55884 1.61951 1.67603 1.72832 1.77743 1.8215 1.85888 1.89281 1.92307 1.94997 1.97372 1.99398 2.0115 2.02667 2.04285 2.05885 2.07291 2.08482 2.09335 2.10179 2.10972 2.11822 2.12619 2.13458 2.14018 2.14538 2.14887 2.15233 2.15778 2.16322 2.16834 2.17221 2.1766 2.18158 2.18615 2.18911 2.19252 2.19493 2.19571 
0.213925 0.417157 0.59346 0.740896 0.864875 0.972544 1.06576 1.14609 1.21413 1.27204 1.32055 1.3611 1.39723 1.43031 1.4594 1.48367 1.50579 1.52308 1.539 1.55113 1.56159 1.56889 1.57429 1.57947 1.58371 1.58919 1.59376 1.59795 1.60212 1.6051 1.60789 1.61109 1.61484 1.61658 1.61856 1.62068 1.62114 1.62044 1.61847 1.61992 1.62239 1.62537 1.62729 1.62878 1.62909 1.62947 1.63066 1.63274 1.63454 1.63534 
0.20855 0.385424 0.522267 0.624929 0.701666 0.761481 0.80614 0.840007 0.864244 0.88277 0.89725 0.90868 0.918527 0.924829 0.930296 0.93545 0.940647 0.944839 0.948597 0.950053 0.950063 0.950293 0.95022 0.950974 0.951304 0.952185 0.952909 0.952915 0.9533 0.955993 0.956769 0.956595 0.957524 0.958745 0.960298 0.960962 0.961519 0.961422 0.961503 0.962594 0.963772 0.963822 0.963736 0.963597 0.962704 0.963009 0.962868 0.963686 0.963915 0.963797 
0.175197 0.302814 0.386762 0.44201 0.476342 0.500211 0.515104 0.526015 0.532041 0.536389 0.539334 0.541583 0.543786 0.545053 0.544882 0.544941 0.546214 0.547134 0.546719 0.54638 0.545421 0.545495 0.545908 0.546857 0.547542 0.547807 0.547806 0.547418 0.546982 0.546955 0.547085 0.546369 0.546582 0.54647 0.54701 0.547095 0.547263 0.549026 0.550119 0.549989 0.549493 0.548169 0.548422 0.548148 0.548215 0.549151 0.549336 0.549162 0.54836 0.548296 
0.137463 0.220739 0.265716 0.290688 0.302265 0.309338 0.313426 0.317528 0.319163 0.319623 0.319385 0.319139 0.319288 0.319327 0.318557 0.319088 0.320247 0.321015 0.320594 0.320848 0.320403 0.319782 0.319512 0.319917 0.319935 0.319999 0.319477 0.319512 0.319338 0.31937 0.319308 0.318877 0.318362 0.318455 0.318423 0.319062 0.319475 0.319834 0.320531 0.320521 0.320251 0.319742 0.319526 0.319634 0.319909 0.319603 0.319025 0.319231 0.318524 0.319207 
