16 20 24 32 40 48 64 80 96 
1 2 3 4 5 6 7 8 9 10 11 12 13 14 15 16 17 18 19 20 21 22 23 24 25 26 27 28 29 30 31 32 33 34 35 36 37 38 39 40 41 42 43 44 45 46 47 48 49 50 
0.0750445 0.153252 0.228699 0.300011 0.367852 0.432138 0.493919 0.554249 0.611378 0.666555 0.721187 0.775223 0.827089 0.87812 0.928317 0.97696 1.02506 1.07148 1.1163 1.16105 1.20488 1.24736 1.28963 1.33236 1.37412 1.41536 1.4557 1.49541 1.53425 1.5722 1.61088 1.64796 1.68422 1.71874 1.75177 1.78409 1.81742 1.85122 1.88363 1.91576 1.94585 1.97589 2.00629 2.03691 2.06805 2.09905 2.12935 2.15852 2.18741 2.21575 
0.104436 0.214158 0.319401 0.41886 0.514019 0.604933 0.691744 0.777573 0.858944 0.937772 1.01569 1.09282 1.16642 1.23788 1.30721 1.37431 1.44061 1.50438 1.567 1.62599 1.68282 1.73823 1.79376 1.84661 1.89845 1.9482 1.99535 2.04169 2.08699 2.13139 2.17419 2.21458 2.25185 2.28863 2.32265 2.35576 2.3886 2.42004 2.45029 2.48 2.50923 2.5359 2.56321 2.59047 2.61561 2.63947 2.66158 2.68361 2.70463 2.72485 
0.136444 0.278572 0.414912 0.54203 0.660793 0.773207 0.88076 0.985331 1.08345 1.17771 1.2703 1.36034 1.44498 1.52467 1.6024 1.67694 1.74906 1.81756 1.88299 1.94527 2.00497 2.06382 2.12223 2.1788 2.23317 2.2857 2.33371 2.37814 2.42215 2.4669 2.50976 2.54951 2.58838 2.62512 2.66027 2.69312 2.72301 2.75103 2.77915 2.80813 2.83644 2.86135 2.8864 2.91064 2.93287 2.9561 2.98046 3.00299 3.02503 3.04538 
0.195643 0.397842 0.586755 0.76301 0.924742 1.07477 1.21426 1.34585 1.46622 1.57958 1.68427 1.78256 1.87322 1.95674 2.03757 2.11311 2.1844 2.2499 2.31186 2.37138 2.42582 2.47603 2.52424 2.56895 2.61162 2.65133 2.6898 2.7273 2.76211 2.79313 2.82125 2.84873 2.87332 2.89593 2.91537 2.93371 2.95169 2.96758 2.98115 2.99321 3.00158 3.01074 3.01902 3.02479 3.03046 3.03548 3.03954 3.04471 3.04906 3.05423 
0.230007 0.46072 0.666195 0.848817 1.01249 1.15641 1.28404 1.39681 1.49628 1.58767 1.67115 1.74946 1.82041 1.88398 1.9428 1.99662 2.04466 2.08874 2.12831 2.1651 2.19798 2.22839 2.25604 2.28144 2.30563 2.32849 2.3515 2.37134 2.38907 2.40371 2.41683 2.43047 2.44263 2.45209 2.45955 2.46778 2.47537 2.4828 2.48959 2.495 2.49815 2.50026 2.50222 2.50189 2.50082 2.49999 2.49941 2.49781 2.49687 2.49756 
0.23804 0.466343 0.662722 0.82892 0.971179 1.09187 1.19371 1.28065 1.35319 1.41655 1.471 1.51956 1.56169 1.59913 1.63362 1.66269 1.68759 1.70726 1.72339 1.73669 1.74931 1.76187 1.77263 1.78252 1.79303 1.80136 1.81001 1.81798 1.82267 1.82544 1.82835 1.833 1.8378 1.84062 1.84379 1.84354 1.84323 1.84285 1.84519 1.84657 1.84764 1.84864 1.84886 1.84822 1.84506 1.84283 1.83939 1.83614 1.83434 1.83246 
0.20398 0.377842 0.50951 0.605774 0.679765 0.736443 0.779551 0.811956 0.837001 0.858104 0.873785 0.887419 0.898336 0.907051 0.912427 0.916676 0.920808 0.923698 0.926333 0.927727 0.928797 0.931249 0.930998 0.931562 0.932872 0.935365 0.939472 0.943869 0.945001 0.945261 0.945862 0.947022 0.94788 0.947873 0.949362 0.948282 0.947108 0.946361 0.94686 0.946938 0.947167 0.948077 0.948212 0.947704 0.945478 0.94385 0.942163 0.941715 0.941659 0.940793 
0.157877 0.272683 0.346696 0.392881 0.424009 0.445254 0.459277 0.46978 0.476843 0.482038 0.485762 0.488512 0.490422 0.492605 0.493764 0.494191 0.493943 0.493108 0.492963 0.493338 0.493219 0.492806 0.490863 0.48925 0.489596 0.490986 0.492042 0.49282 0.493158 0.493867 0.494461 0.494981 0.49571 0.495 0.494786 0.493998 0.493342 0.493794 0.494248 0.49458 0.494999 0.495301 0.495692 0.495335 0.494568 0.493289 0.493217 0.493601 0.493813 0.49437 
0.122522 0.197319 0.237615 0.258507 0.271045 0.277563 0.280833 0.282611 0.283601 0.284389 0.285815 0.286572 0.287505 0.288592 0.28916 0.288899 0.288505 0.287715 0.288326 0.288497 0.287819 0.287135 0.286724 0.286826 0.286886 0.287086 0.287972 0.289245 0.289913 0.290085 0.290261 0.290098 0.290203 0.28997 0.289527 0.288964 0.288486 0.288355 0.288255 0.28812 0.287841 0.287807 0.288243 0.288602 0.289166 0.289272 0.290067 0.28983 0.29001 0.289798 
