16 20 24 32 40 48 64 80 96 
1 2 3 4 5 6 7 8 9 10 11 12 13 14 15 16 17 18 19 20 21 22 23 24 25 26 27 28 29 30 31 32 33 34 35 36 37 38 39 40 41 42 43 44 45 46 47 48 49 50 
0.107345 0.218877 0.327417 0.431051 0.531269 0.628572 0.721891 0.809537 0.895556 0.978321 1.05796 1.13639 1.21052 1.28388 1.35512 1.4262 1.49716 1.5689 1.63939 1.70952 1.77768 1.84364 1.91033 1.97474 2.03799 2.10012 2.16132 2.22121 2.28027 2.33693 2.39313 2.45001 2.50629 2.56182 2.61367 2.66476 2.71523 2.76369 2.80921 2.85264 2.89548 2.93998 2.98493 3.02849 3.07146 3.11485 3.15898 3.20104 3.24289 3.28428 
0.154679 0.319403 0.479275 0.631762 0.776889 0.916274 1.05136 1.18258 1.30747 1.43059 1.54965 1.66443 1.77416 1.87927 1.98195 2.0825 2.18056 2.27756 2.37286 2.46749 2.55828 2.64457 2.72758 2.80992 2.89033 2.96918 3.0482 3.1259 3.20483 3.28137 3.35299 3.42302 3.49169 3.56153 3.62989 3.69664 3.76046 3.82211 3.88009 3.93546 3.98829 4.04051 4.09153 4.13878 4.18423 4.22751 4.26971 4.30949 4.35003 4.38917 
0.20891 0.429195 0.639703 0.840114 1.02988 1.2134 1.39353 1.56498 1.72644 1.88005 2.02845 2.16939 2.30303 2.4327 2.55691 2.67578 2.79059 2.90179 3.00826 3.10765 3.20241 3.2932 3.37957 3.46632 3.55099 3.63166 3.7099 3.78505 3.86243 3.93857 4.01035 4.07926 4.14649 4.21396 4.27892 4.34229 4.40279 4.45975 4.5124 4.56291 4.60765 4.64886 4.68773 4.72517 4.7617 4.79748 4.83225 4.86287 4.89372 4.92191 
0.284339 0.579541 0.854003 1.10765 1.34234 1.55928 1.75944 1.94332 2.11061 2.26703 2.41462 2.5513 2.67785 2.79375 2.90455 3.00985 3.10717 3.19842 3.28253 3.36244 3.43734 3.50928 3.57596 3.6384 3.69745 3.75592 3.81314 3.86998 3.9271 3.98204 4.03262 4.08038 4.12517 4.16767 4.20456 4.23508 4.26528 4.29235 4.31653 4.33678 4.35605 4.37324 4.39016 4.40427 4.41419 4.42287 4.43209 4.44091 4.44919 4.45683 
0.310734 0.620072 0.899585 1.14953 1.37017 1.57131 1.74945 1.90616 2.04458 2.16994 2.28349 2.38461 2.47515 2.55603 2.63058 2.69594 2.7536 2.804 2.85047 2.89697 2.93918 2.98037 3.01589 3.04806 3.0806 3.11155 3.13915 3.16404 3.18972 3.21332 3.23572 3.25549 3.26862 3.28059 3.29127 3.29971 3.30695 3.31441 3.32168 3.32687 3.33356 3.33583 3.33961 3.34196 3.33954 3.3387 3.33697 3.33714 3.33979 3.34119 
0.304573 0.590411 0.833688 1.04252 1.22104 1.37656 1.50733 1.61661 1.71163 1.79279 1.8642 1.92507 1.97768 2.02204 2.06141 2.09606 2.12588 2.14937 2.16814 2.18626 2.20299 2.22148 2.23744 2.25086 2.2644 2.27563 2.28409 2.29171 2.29764 2.30254 2.30496 2.30887 2.31294 2.31509 2.31857 2.31892 2.31962 2.32284 2.32572 2.32628 2.33065 2.33284 2.33362 2.33382 2.33138 2.32968 2.32942 2.32771 2.32522 2.31961 
0.253791 0.467087 0.628863 0.752707 0.847053 0.919253 0.974872 1.01644 1.04997 1.07574 1.09552 1.10983 1.12345 1.13324 1.14126 1.14787 1.1535 1.15744 1.16044 1.16144 1.1642 1.16776 1.17046 1.17184 1.1735 1.17465 1.17517 1.17568 1.17689 1.1765 1.17524 1.17438 1.17347 1.17226 1.17076 1.17024 1.17029 1.17031 1.16926 1.16908 1.1706 1.17178 1.17266 1.17331 1.1731 1.17202 1.17298 1.17448 1.17492 1.17614 
0.203354 0.350364 0.445781 0.509829 0.551475 0.580492 0.598531 0.611259 0.619137 0.625502 0.629121 0.631606 0.634493 0.636083 0.63607 0.637156 0.638166 0.63894 0.63959 0.638745 0.639407 0.64022 0.641203 0.640449 0.64024 0.639756 0.639295 0.63826 0.637609 0.638832 0.639329 0.640298 0.639442 0.63923 0.638053 0.638194 0.637895 0.638078 0.638768 0.638313 0.640089 0.641434 0.642203 0.641709 0.641121 0.639842 0.639243 0.640642 0.640553 0.639631 
0.170911 0.274176 0.327558 0.35797 0.374235 0.383502 0.387653 0.390987 0.391802 0.392753 0.393845 0.394073 0.394552 0.395083 0.395695 0.395847 0.396407 0.397181 0.397322 0.396291 0.396532 0.396652 0.396926 0.396895 0.397081 0.396658 0.396736 0.396696 0.396129 0.397279 0.397189 0.397945 0.398185 0.397974 0.396936 0.396779 0.397129 0.397253 0.397769 0.39724 0.397285 0.396508 0.397142 0.397619 0.397757 0.398215 0.398149 0.398039 0.397111 0.396994 
