16 20 24 28 32 36 40 44 48 52 56 60 64 
0.0166667 0.0333333 0.05 0.0666667 0.0833333 0.1 0.116667 0.133333 0.15 0.166667 0.183333 0.2 0.216667 0.233333 0.25 0.266667 0.283333 0.3 0.316667 0.333333 0.35 0.366667 0.383333 0.4 0.416667 0.433333 0.45 0.466667 0.483333 0.5 0.516667 0.533333 0.55 0.566667 0.583333 0.6 0.616667 0.633333 0.65 0.666667 0.683333 0.7 0.716667 0.733333 0.75 0.766667 0.783333 0.8 0.816667 0.833333 
0.0552971 0.0760544 0.0830182 0.0853874 0.0866855 0.0871003 0.0874881 0.0876874 0.0879532 0.0879474 0.0880745 0.0884181 0.0886144 0.0883729 0.0881961 0.0882746 0.088489 0.0886707 0.0886385 0.0884897 0.0885154 0.08882 0.0888018 0.0885517 0.0886425 0.0887972 0.0888165 0.0887902 0.0888762 0.0889068 0.0889424 0.0890184 0.0890948 0.089061 0.0888021 0.0889129 0.0891885 0.0891556 0.0892688 0.0891434 0.0891912 0.0890034 0.0890643 0.0889666 0.089002 0.0890848 0.0890968 0.0890379 0.0892207 0.0892215 
0.102387 0.158395 0.186287 0.199694 0.207075 0.210236 0.211612 0.212453 0.212884 0.213703 0.21418 0.215367 0.215592 0.215891 0.215628 0.215864 0.216145 0.216421 0.216433 0.216239 0.216183 0.215802 0.215831 0.216031 0.216149 0.216134 0.216569 0.21684 0.217073 0.217514 0.217837 0.217485 0.217903 0.218303 0.218472 0.218353 0.218349 0.218611 0.218765 0.218985 0.21881 0.218018 0.217609 0.217866 0.217707 0.217784 0.217796 0.217855 0.218035 0.21788 
0.135107 0.225928 0.281515 0.31502 0.336675 0.348177 0.35569 0.360959 0.365017 0.367586 0.369703 0.37145 0.372073 0.372494 0.372304 0.372699 0.372266 0.372722 0.372837 0.372719 0.372734 0.372567 0.372268 0.372325 0.372394 0.372192 0.371736 0.372349 0.373186 0.373607 0.373888 0.373904 0.373912 0.374429 0.375294 0.375498 0.375404 0.374851 0.374131 0.374078 0.374129 0.37403 0.373953 0.374323 0.375396 0.375755 0.375987 0.37641 0.376143 0.376068 
0.16589 0.293909 0.383994 0.446856 0.491388 0.521314 0.542473 0.558869 0.571452 0.580735 0.587176 0.591493 0.594023 0.596374 0.597076 0.59683 0.596288 0.596538 0.596498 0.595253 0.593454 0.592799 0.591813 0.591048 0.590235 0.590052 0.590876 0.592653 0.594184 0.595775 0.596106 0.596978 0.597817 0.599575 0.600494 0.601241 0.601459 0.600515 0.599193 0.598479 0.598361 0.597481 0.596939 0.597685 0.598564 0.598823 0.598767 0.598669 0.598075 0.597922 
0.197251 0.362357 0.490857 0.589454 0.665227 0.722556 0.766097 0.801229 0.828602 0.85027 0.866739 0.878938 0.888069 0.894323 0.898416 0.901101 0.902226 0.903008 0.902702 0.903278 0.903125 0.903521 0.903317 0.903225 0.90313 0.903474 0.902945 0.902347 0.902465 0.903495 0.903524 0.904011 0.904955 0.906729 0.90699 0.907551 0.908179 0.907712 0.907073 0.905973 0.904608 0.902544 0.900379 0.89918 0.898825 0.898378 0.899314 0.899491 0.899469 0.898704 
0.218863 0.411248 0.568606 0.697216 0.801044 0.884872 0.952657 1.00946 1.05596 1.09444 1.12455 1.14844 1.16918 1.18514 1.1968 1.20539 1.21126 1.21472 1.21629 1.22001 1.22204 1.22387 1.22498 1.22547 1.22573 1.22602 1.22516 1.22323 1.2224 1.22178 1.22204 1.22227 1.22257 1.22446 1.22515 1.22647 1.22843 1.22967 1.23007 1.22954 1.22964 1.22704 1.22396 1.22226 1.22149 1.22108 1.22159 1.22112 1.22015 1.21862 
0.231986 0.444785 0.626807 0.780313 0.908168 1.01594 1.10597 1.18337 1.25006 1.30641 1.35366 1.39308 1.4292 1.45694 1.47731 1.49261 1.50501 1.51538 1.52382 1.53297 1.53866 1.54271 1.54582 1.54746 1.54949 1.55172 1.55239 1.55157 1.55209 1.5525 1.55445 1.55712 1.55871 1.56275 1.56615 1.56999 1.5731 1.57547 1.57667 1.57574 1.5769 1.57476 1.57247 1.57174 1.57082 1.57088 1.57229 1.57342 1.57367 1.57389 
0.236625 0.460874 0.658568 0.829328 0.975647 1.10226 1.21136 1.30726 1.39223 1.46811 1.53386 1.59143 1.64508 1.68893 1.72503 1.75474 1.77971 1.80138 1.82082 1.83955 1.85495 1.86508 1.87261 1.87772 1.88323 1.88802 1.89191 1.89406 1.89695 1.89887 1.90171 1.9054 1.90796 1.91296 1.91791 1.9237 1.92836 1.93248 1.93499 1.93577 1.93717 1.93721 1.93665 1.93567 1.93333 1.93205 1.93204 1.93346 1.93493 1.93642 
0.234664 0.463577 0.670691 0.853081 1.01294 1.1536 1.2791 1.39057 1.49034 1.58093 1.66183 1.73417 1.79977 1.8559 1.90311 1.94515 1.98075 2.0123 2.04101 2.06767 2.09115 2.10957 2.12591 2.13864 2.15045 2.16025 2.16965 2.17703 2.18435 2.18977 2.19447 2.20005 2.20421 2.20941 2.21382 2.22019 2.22642 2.2339 2.23932 2.24364 2.24882 2.25284 2.25665 2.25828 2.25794 2.25761 2.25808 2.26002 2.26073 2.26293 
0.228599 0.457844 0.668671 0.856639 1.02459 1.17529 1.31323 1.43784 1.5525 1.65692 1.75142 1.83631 1.91231 1.98005 2.03875 2.09136 2.13816 2.18204 2.22244 2.26035 2.29394 2.32309 2.35036 2.37332 2.39344 2.41061 2.42603 2.43902 2.45065 2.45944 2.46714 2.47652 2.48439 2.49244 2.50101 2.5118 2.52162 2.53089 2.53833 2.54268 2.54796 2.55401 2.56064 2.56562 2.56748 2.56913 2.5708 2.57213 2.5739 2.57645 
0.22134 0.446968 0.655924 0.844983 1.01618 1.17124 1.31513 1.44944 1.57365 1.68831 1.79182 1.88583 1.97068 2.04794 2.11711 2.17967 2.23604 2.29113 2.34239 2.39061 2.43372 2.47209 2.50761 2.53795 2.56658 2.5908 2.6137 2.63328 2.6515 2.66587 2.67901 2.69343 2.70719 2.72069 2.73454 2.74889 2.76147 2.77191 2.78153 2.78844 2.79551 2.80402 2.81251 2.82069 2.82569 2.82961 2.83358 2.83535 2.83751 2.84005 
0.211991 0.429668 0.633697 0.820036 0.990393 1.14613 1.29314 1.42995 1.55774 1.67663 1.78511 1.88541 1.97779 2.06086 2.1373 2.20888 2.27474 2.33942 2.40023 2.45819 2.51155 2.55839 2.60094 2.63732 2.66988 2.69752 2.72354 2.74622 2.7675 2.78668 2.80472 2.82419 2.84268 2.86065 2.87862 2.89472 2.90994 2.92371 2.93846 2.95071 2.96283 2.97585 2.98763 2.99798 3.00509 3.01278 3.02179 3.02773 3.03385 3.03955 
0.199534 0.406117 0.602157 0.783079 0.951428 1.10806 1.25724 1.39652 1.52644 1.64864 1.76099 1.86577 1.96469 2.05551 2.14058 2.22195 2.29822 2.37246 2.44329 2.50897 2.56941 2.62295 2.67074 2.71322 2.752 2.78613 2.81991 2.85011 2.88042 2.91077 2.93977 2.96941 2.99759 3.02343 3.04807 3.06982 3.09082 3.11176 3.13263 3.15112 3.16834 3.18636 3.20274 3.21654 3.22629 3.23466 3.24409 3.25095 3.25753 3.26279 
