7 8 10 12 14 16 18 20 22 24 26 28 
0.0166667 0.0333333 0.05 0.0666667 0.0833333 0.1 0.116667 0.133333 0.15 0.166667 0.183333 0.2 0.216667 0.233333 0.25 0.266667 0.283333 0.3 0.316667 0.333333 0.35 0.366667 0.383333 0.4 0.416667 0.433333 0.45 0.466667 0.483333 0.5 0.516667 0.533333 0.55 0.566667 0.583333 0.6 0.616667 0.633333 0.65 0.666667 0.683333 0.7 0.716667 0.733333 0.75 0.766667 0.783333 0.8 0.816667 0.833333 
0.000277077 0.000358994 0.000390041 0.000402211 0.000407626 0.00041382 0.000413602 0.000409013 0.000410261 0.000414033 0.000413638 0.000416881 0.000419174 0.000417373 0.000416184 0.000417268 0.000416184 0.000417344 0.000419422 0.000418358 0.000418101 0.000419284 0.000423826 0.000424573 0.000426297 0.000424696 0.000424999 0.000424686 0.000426828 0.000426508 0.000425791 0.000424861 0.000428189 0.000429419 0.000429838 0.00042938 0.000426369 0.000427181 0.000429162 0.000431286 0.000429201 0.000430448 0.000433097 0.00043559 0.000434117 0.00043345 0.000428357 0.00043046 0.000431904 0.000433105 
0.000246159 0.000326014 0.000365181 0.000383425 0.000389815 0.000397548 0.000400738 0.00039939 0.000401413 0.000402879 0.000401082 0.000400744 0.00040501 0.000405109 0.000403663 0.000404255 0.000405373 0.000405259 0.00040468 0.000403349 0.000403255 0.000406987 0.000410119 0.000411585 0.000414446 0.000412255 0.000411008 0.000410328 0.00041099 0.000410005 0.000409155 0.000408555 0.000411951 0.000413015 0.000414089 0.000415854 0.000414063 0.000413802 0.000413635 0.000414993 0.000416992 0.000419166 0.000420244 0.000423075 0.000423186 0.000423193 0.000418691 0.000420077 0.000422489 0.000420209 
0.000331524 0.000508311 0.000615553 0.000685519 0.000729494 0.00077375 0.000800626 0.000818702 0.00082591 0.000823262 0.000825506 0.000830049 0.000831781 0.000826258 0.00081577 0.000812032 0.000805915 0.000798108 0.000791741 0.000797471 0.000803826 0.000816487 0.000819763 0.0008229 0.000830958 0.000828216 0.000828125 0.000825754 0.00082835 0.000837064 0.000842267 0.000844657 0.000844071 0.00084307 0.000840976 0.000841904 0.000843942 0.000839689 0.000835128 0.000829388 0.000832784 0.000837186 0.000836318 0.000842931 0.00085338 0.000859846 0.000863737 0.000873593 0.000876662 0.000873748 
0.00045739 0.000757507 0.000970368 0.00112553 0.00122716 0.0013279 0.00140372 0.00145811 0.00148406 0.00149238 0.00151943 0.00155044 0.00158056 0.00158965 0.0015602 0.00153418 0.00151499 0.00148967 0.00146701 0.00145807 0.00147065 0.00149459 0.00149295 0.00149997 0.00151137 0.00150864 0.00151972 0.0015297 0.00154625 0.00156418 0.00157714 0.00158372 0.00158877 0.00159371 0.00159367 0.00159789 0.00159245 0.00158138 0.00157334 0.00155258 0.00153853 0.00153132 0.00151304 0.00151607 0.00152769 0.00153161 0.00153713 0.00154925 0.00156416 0.00158016 
0.000436134 0.00074644 0.00099031 0.00118573 0.00134868 0.00149573 0.00159792 0.00167269 0.00171159 0.00173256 0.00176162 0.00179698 0.00183606 0.00186829 0.00187284 0.00187126 0.00187276 0.00187614 0.00188217 0.00189236 0.00190971 0.00193707 0.00195007 0.00196184 0.00196709 0.00195628 0.00196374 0.00196596 0.00196861 0.00198228 0.0019917 0.00199779 0.00201214 0.00203374 0.00204864 0.00206519 0.00206792 0.00206628 0.00206755 0.00205632 0.00204915 0.00204087 0.00203758 0.00204057 0.00205573 0.00206493 0.00206265 0.00206229 0.00206612 0.00206899 
0.00048689 0.000873076 0.00118293 0.00143285 0.00166216 0.0018642 0.00202697 0.00216938 0.00227402 0.00234923 0.0024198 0.00249159 0.00256305 0.0026254 0.00267523 0.00270842 0.00273717 0.00276693 0.00279762 0.00283209 0.00285815 0.00288949 0.00291531 0.00293862 0.00293916 0.00293266 0.00294197 0.0029562 0.00296761 0.00299138 0.00300883 0.00301428 0.00301468 0.00301375 0.00302366 0.00304022 0.0030497 0.00305885 0.00306321 0.00307334 0.00309052 0.00309343 0.00309227 0.00309051 0.00309198 0.00308023 0.00306739 0.00305579 0.00304922 0.00302983 
0.00060013 0.00110192 0.00153413 0.00190792 0.00222973 0.00253277 0.00278726 0.00300982 0.00317885 0.00330778 0.00345092 0.00360019 0.00373196 0.00383979 0.00392679 0.0039874 0.0040438 0.00409028 0.00413624 0.00418444 0.00424031 0.00429739 0.00434531 0.00438688 0.0043917 0.00439077 0.00439136 0.00440819 0.00442956 0.00445096 0.00447464 0.00448983 0.00451023 0.00452806 0.00455618 0.00458116 0.00459052 0.00460977 0.00461384 0.00461817 0.00462376 0.00461894 0.00461117 0.00459769 0.00457358 0.0045411 0.00451687 0.00449708 0.00448871 0.00447527 
0.000751059 0.00140523 0.00198497 0.00252135 0.00299847 0.00348378 0.00388882 0.00424656 0.00452147 0.00475721 0.00500868 0.00526344 0.00548123 0.00567271 0.00582519 0.00595064 0.00607686 0.00617312 0.00627043 0.00637737 0.00648638 0.00658872 0.00668567 0.00676854 0.0068047 0.00681296 0.00681457 0.00683467 0.00686116 0.00688493 0.00693795 0.00698012 0.00706021 0.00714021 0.00722837 0.00731324 0.00737215 0.00743624 0.0074949 0.0075556 0.00760666 0.00763444 0.00765805 0.00764237 0.00759099 0.00754256 0.0074975 0.0074434 0.0074037 0.00736866 
0.00107649 0.00206912 0.00295471 0.00380409 0.00459411 0.0054062 0.00610132 0.00673676 0.00721792 0.00765082 0.00809938 0.0085478 0.00893617 0.00928893 0.00956707 0.00981462 0.0100621 0.0102477 0.0104475 0.0106631 0.0108604 0.011038 0.0112103 0.0113561 0.0114381 0.0114561 0.011468 0.011519 0.0116004 0.0117028 0.0118329 0.011983 0.0122063 0.0124178 0.0126402 0.0128771 0.0130788 0.0132621 0.0134318 0.013628 0.0137978 0.0139149 0.0140232 0.0140417 0.0139886 0.0139139 0.0138262 0.0137106 0.0136181 0.0135332 
0.00157873 0.00311036 0.00448504 0.00580703 0.00708738 0.00840021 0.00956112 0.010618 0.0114394 0.0121775 0.0129296 0.0136947 0.0143593 0.0149956 0.0155201 0.0160069 0.0164731 0.0168407 0.017251 0.0176656 0.0180325 0.0183698 0.0186954 0.0189986 0.0192072 0.0193028 0.0194031 0.0195666 0.0198089 0.0200988 0.0204024 0.0207621 0.0212032 0.0216117 0.0220317 0.0224774 0.0228824 0.0232525 0.0235674 0.0239459 0.0242591 0.0244953 0.0247436 0.024848 0.0248418 0.0248021 0.0247501 0.0246497 0.0245595 0.0244714 
0.00214078 0.00428637 0.00621839 0.00805866 0.00990138 0.011773 0.0134536 0.0149808 0.0162051 0.0173282 0.0184503 0.019568 0.0205606 0.0215776 0.0224748 0.0233575 0.0241877 0.0249125 0.0257193 0.0265477 0.0272615 0.0279181 0.0285779 0.0292063 0.0296777 0.0299558 0.0302278 0.0305532 0.0309748 0.0314487 0.0319477 0.0325302 0.0331681 0.0337913 0.0344272 0.0351276 0.0357519 0.0363204 0.0367531 0.037276 0.037716 0.0380612 0.0384187 0.0386076 0.0386555 0.0386877 0.0386949 0.0386041 0.0385193 0.0384729 
0.00259288 0.00523808 0.00762373 0.00986741 0.0121325 0.0144178 0.0164662 0.0183444 0.0198779 0.0213179 0.0227437 0.0241389 0.0254053 0.0267275 0.0279045 0.0290638 0.0301546 0.0311514 0.0322673 0.0334201 0.034395 0.0352809 0.0362023 0.0370757 0.0377404 0.0381443 0.0384965 0.0388788 0.0393964 0.0399737 0.0405823 0.0413258 0.042115 0.0429423 0.043778 0.0447289 0.0455391 0.0462595 0.0467864 0.0474216 0.0480254 0.0484762 0.0489078 0.0491826 0.0492803 0.0493409 0.0493535 0.0491874 0.0490462 0.0490136 
