16 20 24 32 40 48 64 80 96 
1 2 3 4 5 6 7 8 9 10 11 12 13 14 15 16 17 18 19 20 21 22 23 24 25 26 27 28 29 30 31 32 33 34 35 36 37 38 39 40 41 42 43 44 45 46 47 48 49 50 
0.0799087 0.160751 0.238635 0.314114 0.386548 0.457242 0.524416 0.589114 0.653192 0.714848 0.775473 0.835988 0.895474 0.95486 1.01379 1.07206 1.12907 1.18502 1.23906 1.29299 1.34577 1.39847 1.45061 1.50327 1.55392 1.60269 1.65119 1.69937 1.74725 1.79352 1.83836 1.88122 1.92439 1.9659 2.00641 2.04609 2.08601 2.1244 2.16265 2.20013 2.23671 2.27171 2.30756 2.3432 2.37799 2.41027 2.44232 2.47343 2.5038 2.53381 
0.122179 0.249697 0.373535 0.491056 0.602996 0.712149 0.816392 0.917605 1.01417 1.10981 1.20308 1.29377 1.38323 1.46986 1.55523 1.63822 1.71822 1.79403 1.8679 1.94056 2.0115 2.08029 2.1472 2.21346 2.27639 2.3355 2.39157 2.44691 2.50049 2.55199 2.6018 2.65285 2.70211 2.74953 2.79661 2.84321 2.88951 2.93404 2.97457 3.01212 3.04963 3.08548 3.11947 3.15131 3.18319 3.21586 3.24787 3.28168 3.31361 3.34588 
0.167941 0.342873 0.510164 0.668333 0.819192 0.96292 1.09478 1.21872 1.33699 1.45114 1.56263 1.67116 1.77878 1.88201 1.98147 2.07606 2.16847 2.25625 2.33917 2.41801 2.49313 2.5687 2.64244 2.71423 2.78345 2.84572 2.90384 2.96107 3.0159 3.06898 3.11869 3.16623 3.21312 3.25916 3.30364 3.34565 3.38703 3.42678 3.46547 3.5016 3.53765 3.57378 3.61023 3.64604 3.68149 3.71598 3.74986 3.78413 3.81905 3.85261 
0.238622 0.482837 0.710734 0.919695 1.11559 1.2983 1.46485 1.61734 1.7615 1.89867 2.02788 2.14869 2.26565 2.37441 2.47636 2.57213 2.66238 2.74729 2.82492 2.89649 2.96433 3.02895 3.08944 3.14891 3.20236 3.2489 3.29019 3.32968 3.36607 3.39995 3.43229 3.46396 3.49548 3.52614 3.55561 3.58293 3.60919 3.63272 3.65352 3.67272 3.69097 3.7089 3.72423 3.73873 3.74964 3.75964 3.76778 3.77183 3.779 3.78675 
0.270815 0.538604 0.779027 0.990243 1.17914 1.3481 1.49934 1.63716 1.76375 1.87866 1.98124 2.07615 2.16126 2.23542 2.30118 2.36328 2.4167 2.46718 2.51224 2.55315 2.58938 2.62412 2.65275 2.67913 2.70124 2.72148 2.73724 2.75293 2.76657 2.78055 2.7923 2.8011 2.80899 2.8168 2.82532 2.83401 2.84389 2.85317 2.86389 2.87677 2.88965 2.90078 2.91121 2.91894 2.92652 2.93272 2.93791 2.94358 2.94967 2.95545 
0.280046 0.543904 0.770752 0.962521 1.12689 1.26551 1.38213 1.48333 1.57397 1.65274 1.71907 1.77718 1.82789 1.86896 1.90441 1.93586 1.96253 1.98771 2.00926 2.02651 2.04309 2.05636 2.06542 2.07443 2.08141 2.08837 2.09364 2.09907 2.10342 2.10743 2.11096 2.11543 2.1194 2.12334 2.12716 2.13054 2.13241 2.13359 2.13536 2.13713 2.13867 2.13935 2.13822 2.13769 2.1377 2.1366 2.13384 2.13225 2.13345 2.13523 
0.254671 0.469943 0.634448 0.757453 0.850813 0.921971 0.974896 1.01268 1.0434 1.06774 1.08701 1.10315 1.11783 1.12936 1.1374 1.14325 1.14796 1.15045 1.15185 1.15292 1.15394 1.15432 1.15425 1.15473 1.1542 1.15313 1.15264 1.15178 1.15134 1.15043 1.15048 1.15096 1.15115 1.15276 1.15437 1.15485 1.15644 1.15688 1.15809 1.15768 1.15715 1.15659 1.15603 1.15659 1.15729 1.15558 1.15432 1.1536 1.15453 1.15513 
0.209846 0.361272 0.461293 0.525771 0.568214 0.595726 0.614551 0.626018 0.636342 0.642935 0.647907 0.651508 0.655491 0.657342 0.657923 0.657054 0.656574 0.656605 0.655523 0.655656 0.655867 0.656522 0.657826 0.658559 0.658796 0.657642 0.656514 0.657651 0.658545 0.65919 0.659007 0.658 0.657356 0.655944 0.655085 0.655201 0.654986 0.655144 0.656101 0.657239 0.657398 0.657834 0.658306 0.65921 0.65912 0.65813 0.657843 0.657209 0.657858 0.65783 
0.167788 0.268883 0.323976 0.352364 0.368323 0.378031 0.383327 0.386517 0.390276 0.391255 0.392024 0.391607 0.39287 0.393056 0.393376 0.393359 0.392771 0.392702 0.391892 0.39187 0.392687 0.392815 0.392669 0.3928 0.39308 0.392197 0.392632 0.393233 0.394549 0.395028 0.394956 0.394463 0.39463 0.393786 0.393746 0.393625 0.393277 0.393755 0.394263 0.39466 0.394968 0.395117 0.395298 0.395524 0.395682 0.395625 0.395161 0.394702 0.394434 0.394013 
