16 20 24 32 40 48 64 80 96 
1 2 3 4 5 6 7 8 9 10 11 12 13 14 15 16 17 18 19 20 21 22 23 24 25 26 27 28 29 30 31 32 33 34 35 36 37 38 39 40 41 42 43 44 45 46 47 48 49 50 
0.0651527 0.132073 0.196823 0.258351 0.318005 0.375544 0.430487 0.484395 0.537726 0.589906 0.640112 0.688542 0.735817 0.782009 0.827063 0.871019 0.914359 0.957324 0.998784 1.03884 1.07709 1.11364 1.14967 1.18297 1.21553 1.24805 1.28003 1.31056 1.33953 1.3682 1.39697 1.42533 1.45321 1.47971 1.50509 1.53223 1.56009 1.58637 1.61239 1.63892 1.66588 1.69361 1.72027 1.74651 1.77177 1.79516 1.8177 1.83966 1.86025 1.88187 
0.094062 0.191964 0.288452 0.381221 0.470261 0.556685 0.640529 0.722064 0.79909 0.873894 0.946064 1.01508 1.08105 1.14237 1.20063 1.25789 1.31251 1.36515 1.41514 1.46505 1.51552 1.56599 1.61434 1.66052 1.70328 1.74479 1.78565 1.82486 1.86362 1.89892 1.93324 1.96585 1.99717 2.02773 2.05848 2.08876 2.11896 2.14802 2.17696 2.20515 2.23394 2.26355 2.29157 2.31965 2.34656 2.37302 2.39875 2.42357 2.44827 2.47273 
0.1259 0.257769 0.386066 0.507473 0.62218 0.730308 0.835846 0.938398 1.03693 1.13288 1.22539 1.31383 1.39888 1.47803 1.55051 1.62016 1.68703 1.75158 1.81267 1.87012 1.92612 1.9793 2.0311 2.0805 2.12721 2.1728 2.21646 2.25882 2.30022 2.33981 2.37755 2.41308 2.44639 2.47777 2.50716 2.53674 2.56495 2.59295 2.61907 2.647 2.67458 2.70238 2.72765 2.75259 2.77731 2.80105 2.82445 2.84897 2.87167 2.89377 
0.176671 0.357763 0.530816 0.690968 0.837202 0.971111 1.09782 1.21446 1.32212 1.42191 1.51714 1.60369 1.68512 1.76102 1.82851 1.89066 1.94999 2.00439 2.05385 2.09994 2.14474 2.18551 2.22606 2.26489 2.29933 2.33239 2.36378 2.39259 2.42011 2.44647 2.47135 2.49454 2.51642 2.53717 2.55756 2.58102 2.60144 2.62018 2.63968 2.66138 2.68361 2.70499 2.72103 2.73727 2.75204 2.76471 2.77478 2.78391 2.79315 2.80196 
0.204053 0.406052 0.590474 0.756681 0.902176 1.0331 1.15121 1.25611 1.34739 1.42608 1.4961 1.55791 1.61265 1.66217 1.70439 1.73974 1.7758 1.80923 1.83825 1.86403 1.88863 1.90995 1.93172 1.95272 1.97121 1.98724 2.00173 2.01664 2.03155 2.04416 2.05674 2.06945 2.07921 2.08761 2.09592 2.1045 2.11207 2.11904 2.12664 2.1356 2.1458 2.15566 2.16174 2.1671 2.1709 2.17141 2.17096 2.17079 2.16921 2.1686 
0.204622 0.397085 0.564101 0.708212 0.831303 0.935471 1.02583 1.10359 1.16847 1.22245 1.26915 1.30753 1.34102 1.37028 1.39469 1.41227 1.43099 1.44803 1.46357 1.47511 1.48598 1.49529 1.50505 1.5153 1.52506 1.53187 1.53729 1.54226 1.54624 1.55014 1.5538 1.55667 1.56026 1.56207 1.56437 1.56744 1.57076 1.57393 1.57647 1.57796 1.57971 1.58173 1.58254 1.58328 1.58372 1.58349 1.58231 1.58056 1.57881 1.57789 
0.171277 0.316943 0.426916 0.511527 0.57768 0.626763 0.665293 0.69604 0.717059 0.732437 0.744422 0.754187 0.761336 0.767886 0.772405 0.775337 0.778782 0.781387 0.783854 0.784693 0.785711 0.786065 0.78659 0.788409 0.788809 0.787634 0.78668 0.786581 0.787082 0.787907 0.789842 0.791079 0.792565 0.793183 0.79368 0.793236 0.791994 0.790813 0.790095 0.789636 0.789946 0.789782 0.790292 0.789662 0.790322 0.790546 0.791131 0.79058 0.79 0.790358 
0.135088 0.233662 0.298942 0.342432 0.371434 0.38985 0.403242 0.412158 0.417397 0.422538 0.426001 0.427969 0.428587 0.428481 0.428245 0.427896 0.428193 0.428678 0.429489 0.43026 0.4306 0.429684 0.429439 0.429741 0.430268 0.429577 0.428367 0.428157 0.428348 0.429234 0.429624 0.430429 0.431054 0.431927 0.432914 0.433584 0.433427 0.432431 0.43156 0.431049 0.431051 0.431055 0.430967 0.430194 0.430128 0.429794 0.429914 0.429755 0.430386 0.431006 
0.109356 0.175307 0.210921 0.231932 0.243057 0.249426 0.253439 0.255105 0.255728 0.256797 0.258271 0.2592 0.259485 0.259032 0.25898 0.259008 0.25884 0.259045 0.259521 0.259975 0.260257 0.259446 0.258965 0.258711 0.258777 0.258753 0.258864 0.258844 0.259044 0.259036 0.258956 0.259328 0.259817 0.260197 0.260352 0.260924 0.261112 0.260619 0.26021 0.259622 0.259857 0.260002 0.260243 0.259963 0.259647 0.259249 0.259425 0.259493 0.259591 0.259514 
