16 20 24 32 40 48 64 80 96 
1 2 3 4 5 6 7 8 9 10 11 12 13 14 15 16 17 18 19 20 21 22 23 24 25 26 27 28 29 30 31 32 33 34 35 36 37 38 39 40 41 42 43 44 45 46 47 48 49 50 
0.0707359 0.143301 0.211626 0.279043 0.345159 0.4107 0.472463 0.531957 0.590037 0.647497 0.703427 0.757695 0.811312 0.86507 0.917475 0.968818 1.01805 1.06666 1.11336 1.15919 1.20449 1.25035 1.29434 1.33671 1.37868 1.42152 1.46382 1.50503 1.54547 1.58536 1.62383 1.66191 1.69849 1.73406 1.769 1.80245 1.83404 1.86581 1.89628 1.92599 1.95515 1.98337 2.01145 2.03747 2.06218 2.08684 2.11068 2.13396 2.15703 2.18117 
0.101091 0.206355 0.308145 0.407628 0.505744 0.599941 0.690542 0.777333 0.862046 0.943761 1.02508 1.10228 1.17807 1.25108 1.32191 1.39238 1.4606 1.52569 1.58709 1.64643 1.70405 1.75909 1.812 1.86474 1.91701 1.96738 2.01708 2.06488 2.11316 2.16081 2.20621 2.24899 2.29047 2.32937 2.36607 2.4018 2.4358 2.46862 2.50131 2.53223 2.56097 2.58937 2.61605 2.64174 2.66886 2.69559 2.72191 2.74771 2.77347 2.79958 
0.136172 0.280291 0.418262 0.551034 0.678167 0.800395 0.91742 1.02974 1.13774 1.23973 1.33847 1.43181 1.52191 1.60787 1.69236 1.77625 1.85667 1.933 2.00452 2.07151 2.13618 2.20017 2.26039 2.31931 2.37665 2.43067 2.48192 2.53193 2.58076 2.6275 2.6712 2.7127 2.7541 2.79323 2.8312 2.8672 2.90186 2.93795 2.9739 3.00651 3.03526 3.06337 3.0912 3.1184 3.14746 3.17566 3.20336 3.22869 3.25291 3.27777 
0.192644 0.391416 0.576725 0.749852 0.909823 1.06009 1.20012 1.33052 1.45097 1.56192 1.66454 1.75826 1.84774 1.93239 2.00926 2.08209 2.14932 2.2119 2.26951 2.32348 2.37377 2.42239 2.46811 2.51207 2.55478 2.59497 2.63357 2.66887 2.70204 2.73365 2.76241 2.79112 2.81846 2.8447 2.86784 2.88877 2.90574 2.9216 2.93697 2.95065 2.96099 2.97126 2.98387 2.99407 3.00332 3.01028 3.01756 3.02432 3.03116 3.03878 
0.218889 0.436406 0.631162 0.809878 0.96927 1.11383 1.24411 1.3603 1.46399 1.55746 1.63806 1.70815 1.7721 1.83028 1.88258 1.93118 1.97521 2.01342 2.04493 2.07684 2.10705 2.13236 2.15581 2.17817 2.20041 2.22001 2.2365 2.24913 2.26028 2.27183 2.28101 2.28953 2.29765 2.30475 2.31075 2.31713 2.32008 2.3229 2.32656 2.32921 2.32985 2.33299 2.33685 2.33938 2.34125 2.34039 2.34007 2.33991 2.34086 2.34498 
0.223778 0.435158 0.615092 0.772161 0.905488 1.02121 1.11958 1.20284 1.27254 1.33278 1.38234 1.42511 1.46143 1.49394 1.52411 1.55177 1.57595 1.59501 1.61058 1.62583 1.63759 1.64705 1.65681 1.66548 1.6743 1.67996 1.68405 1.68723 1.69153 1.69608 1.70008 1.70437 1.70851 1.71157 1.71318 1.7153 1.71703 1.71687 1.71948 1.72104 1.72123 1.72163 1.72306 1.72326 1.72343 1.72232 1.72195 1.72029 1.71826 1.71689 
0.196312 0.362523 0.489022 0.584288 0.656077 0.712257 0.755059 0.787685 0.811247 0.828924 0.840702 0.850865 0.858999 0.865438 0.870834 0.875449 0.876957 0.877063 0.878568 0.880744 0.882113 0.882833 0.883681 0.884993 0.886706 0.888614 0.888498 0.888216 0.887299 0.886629 0.885407 0.884489 0.884257 0.883403 0.882961 0.881867 0.881267 0.880793 0.880412 0.880709 0.882029 0.883596 0.884275 0.883043 0.88259 0.882144 0.880885 0.879829 0.880058 0.88041 
0.165777 0.286603 0.365641 0.41597 0.4484 0.469527 0.483856 0.493572 0.499499 0.503483 0.50638 0.508678 0.510835 0.512784 0.512961 0.513035 0.512263 0.511138 0.511243 0.511945 0.512803 0.513155 0.512662 0.51205 0.512368 0.513355 0.513414 0.513118 0.511397 0.512205 0.5121 0.511465 0.511032 0.510984 0.512026 0.511853 0.511792 0.511206 0.51125 0.511454 0.512069 0.511909 0.51224 0.512498 0.512304 0.511741 0.510152 0.509259 0.509519 0.50909 
0.138806 0.223733 0.268375 0.291737 0.30444 0.312397 0.317101 0.319612 0.321162 0.322065 0.322496 0.323295 0.324235 0.324737 0.324316 0.323794 0.323214 0.323211 0.323838 0.32495 0.325346 0.325151 0.325076 0.324681 0.324142 0.324205 0.324218 0.323821 0.322883 0.322933 0.322764 0.322524 0.323048 0.323462 0.323753 0.323876 0.323775 0.323099 0.323007 0.323643 0.324442 0.324637 0.324692 0.324643 0.32448 0.323916 0.323374 0.323153 0.323803 0.324307 
