16 20 24 28 32 36 40 44 48 52 56 60 64 
0.0166667 0.0333333 0.05 0.0666667 0.0833333 0.1 0.116667 0.133333 0.15 0.166667 0.183333 0.2 0.216667 0.233333 0.25 0.266667 0.283333 0.3 0.316667 0.333333 0.35 0.366667 0.383333 0.4 0.416667 0.433333 0.45 0.466667 0.483333 0.5 0.516667 0.533333 0.55 0.566667 0.583333 0.6 0.616667 0.633333 0.65 0.666667 0.683333 0.7 0.716667 0.733333 0.75 0.766667 0.783333 0.8 0.816667 0.833333 
0.0734674 0.102035 0.111911 0.116043 0.117424 0.117881 0.117895 0.118246 0.119281 0.119693 0.119922 0.120081 0.119552 0.120081 0.119984 0.119656 0.11963 0.119978 0.12009 0.12002 0.120114 0.120153 0.120011 0.119919 0.120081 0.120597 0.12055 0.120442 0.120445 0.120337 0.120412 0.120148 0.120301 0.120316 0.120491 0.120361 0.120469 0.120387 0.120359 0.120013 0.12017 0.120537 0.120679 0.120463 0.120386 0.120361 0.12034 0.120242 0.120655 0.120681 
0.135577 0.211537 0.24853 0.267826 0.278247 0.283353 0.286676 0.287894 0.288666 0.289883 0.29073 0.290638 0.289859 0.289097 0.288762 0.289498 0.289681 0.289588 0.289716 0.290501 0.291124 0.291458 0.291745 0.291698 0.291138 0.291244 0.291285 0.291457 0.291445 0.291939 0.291856 0.291236 0.290714 0.290551 0.290997 0.291245 0.291839 0.291775 0.291339 0.290772 0.290724 0.29117 0.291282 0.291837 0.291748 0.291568 0.292122 0.291786 0.291941 0.292096 
0.162762 0.274555 0.342704 0.384829 0.411563 0.427784 0.439716 0.446125 0.449775 0.453313 0.455386 0.455626 0.45547 0.454999 0.454935 0.455801 0.45513 0.45455 0.455803 0.455979 0.456774 0.458133 0.458338 0.458366 0.458325 0.457929 0.456493 0.45657 0.456512 0.457367 0.457341 0.45598 0.454118 0.452897 0.451665 0.452288 0.453574 0.454792 0.454857 0.455162 0.455896 0.456679 0.456897 0.457216 0.457423 0.457281 0.457404 0.457098 0.456904 0.456851 
0.180575 0.319633 0.417913 0.486883 0.535736 0.568772 0.593146 0.610239 0.621831 0.630689 0.637055 0.641496 0.64487 0.646934 0.649473 0.651439 0.651286 0.651904 0.654264 0.653642 0.652888 0.652356 0.652453 0.65378 0.654912 0.654422 0.653946 0.654255 0.653277 0.652097 0.651534 0.650877 0.649575 0.649907 0.64962 0.650028 0.650978 0.651451 0.650987 0.650818 0.651668 0.652514 0.652963 0.653286 0.652407 0.652602 0.652862 0.653163 0.654046 0.654804 
0.199925 0.366303 0.493641 0.589106 0.661625 0.715599 0.757954 0.791176 0.817425 0.838553 0.85501 0.86909 0.879187 0.885934 0.893809 0.899351 0.902665 0.905588 0.910406 0.910861 0.911363 0.911626 0.912972 0.914985 0.916828 0.91699 0.916537 0.916466 0.916778 0.916887 0.917452 0.918683 0.91962 0.920566 0.920344 0.920118 0.920065 0.919613 0.918341 0.91692 0.916518 0.915016 0.913821 0.91213 0.910411 0.910565 0.911779 0.914291 0.916539 0.919394 
0.215536 0.403451 0.556098 0.67745 0.774097 0.851169 0.914283 0.964831 1.00694 1.04271 1.0716 1.09703 1.11621 1.13144 1.1451 1.15643 1.1649 1.17264 1.17992 1.18268 1.1855 1.18842 1.19163 1.19526 1.19826 1.20011 1.20085 1.20101 1.20238 1.2031 1.20384 1.20492 1.2064 1.207 1.20643 1.20598 1.20591 1.20559 1.20443 1.20263 1.19975 1.19689 1.19605 1.19614 1.19637 1.19788 1.19909 1.20148 1.20397 1.2087 
0.22967 0.437736 0.61344 0.759339 0.88016 0.978646 1.06224 1.13209 1.19197 1.24477 1.29037 1.33141 1.36461 1.39289 1.41675 1.43606 1.45175 1.46462 1.47631 1.4841 1.49145 1.49796 1.50544 1.51245 1.51817 1.52285 1.52659 1.53018 1.5339 1.53804 1.54063 1.54281 1.54562 1.54731 1.5479 1.54938 1.55022 1.55063 1.55027 1.55039 1.54958 1.54799 1.54836 1.5497 1.55099 1.55249 1.55218 1.5511 1.54993 1.55114 
0.239814 0.465466 0.663485 0.831809 0.975653 1.09657 1.20319 1.29577 1.37463 1.44526 1.50728 1.56478 1.61381 1.65708 1.69525 1.72749 1.75596 1.77934 1.8005 1.81819 1.8329 1.84524 1.85757 1.86761 1.87608 1.8836 1.89013 1.89657 1.90328 1.90989 1.91514 1.91919 1.92192 1.92556 1.92737 1.92972 1.93223 1.93577 1.93893 1.94188 1.94391 1.94384 1.94463 1.94514 1.94607 1.9483 1.9496 1.94846 1.94677 1.94594 
0.244375 0.481053 0.694538 0.880138 1.04323 1.18347 1.30843 1.41825 1.51426 1.60244 1.68247 1.75604 1.81958 1.87621 1.92727 1.97227 2.01322 2.04807 2.07872 2.1051 2.12803 2.14826 2.16797 2.18656 2.20386 2.2186 2.23128 2.24283 2.25372 2.26252 2.2709 2.27816 2.28263 2.28789 2.29093 2.2925 2.29357 2.2946 2.29688 2.30053 2.30347 2.30533 2.30732 2.30783 2.30816 2.31009 2.30987 2.30728 2.30523 2.30325 
0.246791 0.491002 0.714261 0.915228 1.09564 1.25325 1.39467 1.5213 1.63544 1.74109 1.83895 1.92788 2.00423 2.0726 2.13413 2.18987 2.24091 2.28729 2.32953 2.36638 2.40112 2.43269 2.46159 2.49014 2.51613 2.53993 2.56157 2.58114 2.59845 2.61338 2.6261 2.63707 2.64514 2.65407 2.66068 2.66552 2.66892 2.67163 2.67625 2.68214 2.6888 2.69511 2.70212 2.70681 2.71121 2.71672 2.71802 2.71588 2.71444 2.71462 
0.24429 0.48933 0.715626 0.924006 1.11388 1.28239 1.43497 1.57434 1.70034 1.81783 1.92574 2.02441 2.1128 2.19463 2.26907 2.33794 2.40161 2.46197 2.51859 2.56904 2.61597 2.65727 2.69478 2.73177 2.76615 2.79826 2.82823 2.85525 2.88012 2.90271 2.92155 2.93764 2.95076 2.9637 2.97498 2.98411 2.99182 2.99876 3.00713 3.01695 3.02751 3.03744 3.04751 3.05637 3.06624 3.07826 3.08727 3.09318 3.10049 3.10968 
0.239942 0.484719 0.714276 0.927002 1.121 1.29378 1.4519 1.59632 1.72864 1.8524 1.96815 2.07742 2.17932 2.27332 2.36137 2.44406 2.52047 2.59259 2.66058 2.72336 2.78239 2.83514 2.8839 2.93134 2.97646 3.01687 3.05443 3.08775 3.11808 3.146 3.17002 3.19052 3.20876 3.22595 3.24126 3.25564 3.26847 3.28026 3.29285 3.30504 3.31842 3.33037 3.34192 3.35199 3.3633 3.37662 3.38656 3.39376 3.40175 3.41008 
0.229879 0.465486 0.688799 0.896874 1.08887 1.2626 1.42441 1.57452 1.71293 1.84532 1.96899 2.08529 2.19632 2.30025 2.40017 2.49578 2.58581 2.67002 2.75001 2.8253 2.89716 2.96227 3.02294 3.08169 3.1379 3.1867 3.23234 3.27237 3.30902 3.34283 3.37468 3.40412 3.43061 3.45535 3.47699 3.49654 3.51408 3.53078 3.54792 3.56617 3.585 3.6016 3.61582 3.62945 3.64506 3.66364 3.68068 3.69653 3.7134 3.73017 
