16 20 24 32 40 48 64 80 96 
1 2 3 4 5 6 7 8 9 10 11 12 13 14 15 16 17 18 19 20 21 22 23 24 25 26 27 28 29 30 31 32 33 34 35 36 37 38 39 40 41 42 43 44 45 46 47 48 49 50 
0.0930339 0.189916 0.285215 0.378379 0.468645 0.55647 0.642401 0.725952 0.805715 0.883106 0.958257 1.0304 1.09982 1.16724 1.23314 1.29672 1.3606 1.42327 1.48641 1.54736 1.60811 1.66764 1.72715 1.78684 1.84796 1.90779 1.96571 2.02186 2.07638 2.12897 2.1804 2.22958 2.27959 2.32739 2.37315 2.41748 2.46172 2.50322 2.54457 2.58631 2.62654 2.66756 2.70495 2.74226 2.77887 2.81462 2.8498 2.88518 2.91982 2.95244 
0.138063 0.28222 0.422939 0.559956 0.692302 0.819395 0.944411 1.06792 1.18761 1.30476 1.41643 1.52515 1.63004 1.73099 1.82916 1.92533 2.01586 2.10296 2.18817 2.27104 2.35255 2.43433 2.51438 2.59445 2.67372 2.75172 2.82523 2.89553 2.96408 3.03108 3.09734 3.15928 3.21859 3.27723 3.33515 3.39284 3.4493 3.50478 3.558 3.60891 3.65731 3.70578 3.75179 3.79584 3.83696 3.87699 3.91587 3.95373 3.99159 4.02846 
0.184048 0.379415 0.567865 0.746067 0.913805 1.07408 1.22789 1.37395 1.51383 1.64995 1.7804 1.90974 2.03204 2.15151 2.2638 2.37066 2.47248 2.56907 2.66133 2.75142 2.83734 2.91757 2.99391 3.06888 3.14323 3.21546 3.2829 3.34593 3.40716 3.4658 3.52252 3.57776 3.631 3.6821 3.73028 3.77541 3.81959 3.86341 3.90675 3.94809 3.98447 4.02031 4.05304 4.08191 4.10898 4.13671 4.16472 4.19153 4.21719 4.24261 
0.24939 0.508998 0.750154 0.974617 1.18393 1.37799 1.55904 1.72801 1.8863 2.03602 2.17588 2.30631 2.42678 2.53868 2.64033 2.73529 2.82652 2.91069 2.99194 3.0683 3.1366 3.20202 3.26129 3.31743 3.3702 3.4204 3.46861 3.51367 3.55767 3.60047 3.64203 3.68341 3.71935 3.74996 3.77512 3.79883 3.82251 3.84481 3.86404 3.87996 3.89248 3.90382 3.91236 3.92396 3.93384 3.94306 3.95445 3.96638 3.97685 3.9894 
0.272449 0.546822 0.789515 1.00648 1.19803 1.3669 1.52138 1.66086 1.78664 1.90159 2.00425 2.09998 2.18573 2.26576 2.33709 2.40304 2.46209 2.51455 2.56142 2.60152 2.6359 2.66833 2.69791 2.72413 2.74716 2.76953 2.78907 2.8071 2.82552 2.84409 2.86361 2.88278 2.89995 2.91307 2.92197 2.92935 2.93409 2.93609 2.93912 2.93963 2.9365 2.93189 2.92694 2.92417 2.92397 2.92544 2.92823 2.93185 2.93558 2.93884 
0.264501 0.516955 0.729405 0.909464 1.06268 1.19101 1.30229 1.39901 1.48078 1.55384 1.61656 1.67016 1.71594 1.75701 1.7933 1.82532 1.85279 1.87624 1.89631 1.91255 1.92528 1.93837 1.95007 1.95972 1.96873 1.97648 1.98351 1.98976 1.99543 2.0004 2.00583 2.01244 2.01842 2.0248 2.02851 2.031 2.03096 2.03107 2.03285 2.03296 2.03273 2.03343 2.03167 2.03009 2.02789 2.02573 2.02377 2.02352 2.02542 2.02952 
0.225639 0.417447 0.561626 0.66961 0.752266 0.815821 0.865511 0.905401 0.936204 0.959746 0.977232 0.989551 0.99915 1.00695 1.01337 1.02023 1.02532 1.02748 1.03056 1.03187 1.03424 1.0366 1.03708 1.03662 1.03634 1.03732 1.03809 1.03754 1.03728 1.03794 1.04003 1.04396 1.04638 1.04714 1.04635 1.04597 1.04509 1.04473 1.04428 1.04429 1.0457 1.04621 1.04599 1.04515 1.04273 1.04208 1.04075 1.04164 1.0434 1.04471 
0.183388 0.318103 0.407583 0.465766 0.503666 0.528821 0.54429 0.555229 0.563255 0.568744 0.572243 0.574 0.575083 0.57598 0.576973 0.57803 0.579335 0.579239 0.579626 0.579979 0.579402 0.57948 0.579901 0.579693 0.579662 0.580686 0.581672 0.582454 0.583568 0.584438 0.58543 0.586569 0.586216 0.586239 0.585956 0.586546 0.586765 0.58729 0.587226 0.587379 0.587121 0.586494 0.586162 0.585681 0.585953 0.58653 0.586852 0.587474 0.588401 0.588102 
0.146903 0.237225 0.285391 0.310872 0.323799 0.330605 0.334257 0.335838 0.337651 0.339081 0.340644 0.339988 0.340335 0.340919 0.341626 0.341984 0.342186 0.342114 0.342011 0.342591 0.342731 0.342854 0.342997 0.341968 0.341519 0.341822 0.342252 0.343179 0.343698 0.343229 0.343595 0.344034 0.344475 0.345318 0.345327 0.345787 0.345733 0.345118 0.344539 0.343877 0.344224 0.344322 0.344065 0.344082 0.344182 0.344425 0.34435 0.344242 0.34468 0.344278 
