16 20 24 28 32 36 40 44 48 52 56 60 64 
0.0166667 0.0333333 0.05 0.0666667 0.0833333 0.1 0.116667 0.133333 0.15 0.166667 0.183333 0.2 0.216667 0.233333 0.25 0.266667 0.283333 0.3 0.316667 0.333333 0.35 0.366667 0.383333 0.4 0.416667 0.433333 0.45 0.466667 0.483333 0.5 0.516667 0.533333 0.55 0.566667 0.583333 0.6 0.616667 0.633333 0.65 0.666667 0.683333 0.7 0.716667 0.733333 0.75 0.766667 0.783333 0.8 0.816667 0.833333 
0.101295 0.140281 0.1539 0.159625 0.161788 0.162124 0.163058 0.162939 0.163101 0.163187 0.163105 0.163239 0.163725 0.163542 0.163766 0.163455 0.163747 0.164044 0.164279 0.164552 0.164393 0.163761 0.163667 0.164332 0.164745 0.164454 0.164243 0.164238 0.164049 0.163977 0.164217 0.164353 0.164082 0.164066 0.16413 0.164316 0.16445 0.164436 0.164199 0.164399 0.164319 0.164344 0.164191 0.164491 0.164554 0.1643 0.164036 0.164208 0.164229 0.164439 
0.182083 0.2836 0.334918 0.361542 0.375196 0.380786 0.385113 0.386884 0.387896 0.388589 0.389289 0.389294 0.389959 0.390034 0.391262 0.391412 0.391691 0.391101 0.39141 0.391748 0.39219 0.392176 0.391745 0.391367 0.392413 0.392749 0.392184 0.391828 0.391823 0.392155 0.392403 0.392056 0.391782 0.391197 0.390952 0.391028 0.391722 0.392505 0.392419 0.392382 0.39199 0.392184 0.392666 0.392578 0.392586 0.392776 0.392444 0.39306 0.393473 0.393212 
0.22876 0.383953 0.480146 0.539732 0.576077 0.597642 0.612002 0.621749 0.627656 0.631651 0.634507 0.636154 0.636881 0.638777 0.640488 0.641282 0.641633 0.641498 0.641841 0.642399 0.644247 0.644509 0.643961 0.641998 0.641419 0.641736 0.641616 0.641842 0.641156 0.642585 0.641836 0.641121 0.639815 0.638622 0.638301 0.638561 0.639377 0.639994 0.640642 0.640637 0.64024 0.640907 0.641931 0.642204 0.641782 0.642314 0.642539 0.643683 0.644613 0.645919 
0.26675 0.472252 0.616369 0.716959 0.787195 0.837512 0.874083 0.900862 0.918785 0.931995 0.940885 0.946757 0.950902 0.955721 0.958204 0.960841 0.962606 0.964241 0.966291 0.967657 0.969192 0.968557 0.966937 0.965712 0.965609 0.965624 0.965834 0.967007 0.967299 0.96966 0.970287 0.970521 0.970272 0.970017 0.969311 0.967895 0.967835 0.968685 0.968358 0.967483 0.967932 0.969258 0.97055 0.969734 0.96935 0.968262 0.968698 0.96995 0.970909 0.972112 
0.30966 0.569625 0.766433 0.913138 1.02573 1.11372 1.17977 1.23037 1.2709 1.30319 1.32652 1.34445 1.35708 1.36788 1.37655 1.38368 1.38892 1.39447 1.40086 1.40499 1.40797 1.4094 1.4079 1.40586 1.40542 1.40485 1.40492 1.4065 1.40734 1.40891 1.40909 1.40825 1.40688 1.40623 1.40569 1.40459 1.40411 1.40548 1.406 1.4049 1.40539 1.40715 1.40782 1.40666 1.40645 1.40572 1.40576 1.40711 1.40856 1.41079 
0.349081 0.65739 0.904105 1.09634 1.25188 1.37998 1.48163 1.56342 1.63401 1.69417 1.74023 1.77648 1.80311 1.82578 1.8451 1.86019 1.87247 1.88487 1.8971 1.90771 1.91594 1.92201 1.92566 1.92728 1.93015 1.93146 1.93125 1.93094 1.93012 1.93021 1.92988 1.9302 1.92957 1.93138 1.933 1.93456 1.93504 1.93777 1.93891 1.9399 1.9414 1.94342 1.94466 1.94436 1.94618 1.94593 1.94542 1.94685 1.9484 1.95085 
0.380876 0.732917 1.02606 1.26546 1.46837 1.64376 1.78857 1.9111 2.01791 2.10901 2.18365 2.24757 2.29968 2.34529 2.38557 2.42011 2.44908 2.47359 2.49505 2.51366 2.52905 2.54014 2.55 2.55817 2.56684 2.57383 2.57817 2.57924 2.58031 2.58292 2.58471 2.58549 2.58492 2.58679 2.58788 2.58688 2.58354 2.58419 2.58434 2.58751 2.5897 2.59037 2.59111 2.59157 2.59358 2.59567 2.59745 2.6008 2.60351 2.60615 
0.400871 0.782238 1.11132 1.39103 1.63182 1.84398 2.02712 2.18693 2.32805 2.4497 2.55417 2.64514 2.72611 2.79942 2.86481 2.92238 2.97261 3.01491 3.05336 3.08726 3.11623 3.14084 3.16264 3.18143 3.1996 3.21283 3.22299 3.22986 3.23319 3.23979 3.24578 3.24978 3.25288 3.2568 3.26005 3.26093 3.25896 3.25784 3.25959 3.26254 3.26345 3.26471 3.26362 3.2624 3.25995 3.26011 3.26377 3.26809 3.27217 3.27487 
0.408946 0.806619 1.16053 1.46892 1.73891 1.98059 2.19211 2.37661 2.54153 2.68568 2.81276 2.92602 3.03014 3.12651 3.21307 3.28937 3.35691 3.41638 3.4703 3.51999 3.56485 3.6038 3.64084 3.67219 3.70259 3.72787 3.75138 3.77157 3.78671 3.80283 3.81741 3.827 3.8356 3.84339 3.84916 3.85456 3.85746 3.86027 3.86529 3.86864 3.86889 3.87022 3.86934 3.86692 3.8629 3.85905 3.86109 3.86603 3.87185 3.87635 
0.407259 0.808967 1.17181 1.49297 1.77986 2.04081 2.27189 2.47696 2.66357 2.82633 2.97315 3.10692 3.22926 3.34484 3.45072 3.54629 3.63462 3.71454 3.7835 3.84641 3.90552 3.95961 4.01248 4.05731 4.1003 4.13926 4.17777 4.21121 4.23873 4.26385 4.28554 4.30326 4.32012 4.33156 4.34116 4.34734 4.35453 4.36132 4.36917 4.37472 4.3765 4.37985 4.38213 4.38488 4.38737 4.38783 4.39195 4.39826 4.40578 4.41255 
0.398706 0.797979 1.16089 1.48721 1.78327 2.05669 2.30431 2.52715 2.73462 2.92091 3.09058 3.24505 3.38992 3.52814 3.6566 3.77431 3.88492 3.98762 4.0772 4.15858 4.23577 4.30513 4.37023 4.42665 4.48112 4.53116 4.57797 4.62019 4.65554 4.68779 4.71713 4.74358 4.76646 4.78191 4.79659 4.80704 4.81766 4.82813 4.83984 4.84839 4.85318 4.86077 4.86852 4.87593 4.88156 4.88386 4.88825 4.89453 4.90156 4.90956 
0.38645 0.776717 1.13524 1.46171 1.75972 2.0403 2.29862 2.53348 2.75311 2.94887 3.1291 3.29471 3.45177 3.60385 3.74724 3.88094 4.00666 4.12146 4.22175 4.31412 4.40212 4.48286 4.55855 4.627 4.69314 4.75328 4.81003 4.86399 4.90971 4.9547 4.9933 5.03067 5.06649 5.09483 5.12152 5.14449 5.16528 5.18672 5.20832 5.22792 5.24274 5.25824 5.27345 5.28732 5.29859 5.30588 5.31454 5.3255 5.33835 5.34939 
0.364182 0.733151 1.07615 1.39156 1.68218 1.95837 2.21541 2.45239 2.67629 2.88121 3.07004 3.24457 3.41109 3.57339 3.72936 3.87636 4.01304 4.1407 4.25694 4.36647 4.47156 4.56742 4.65783 4.74145 4.82168 4.89438 4.96446 5.03223 5.09352 5.15455 5.21112 5.26264 5.31029 5.35069 5.38757 5.42315 5.45504 5.48801 5.51972 5.54976 5.57759 5.60412 5.63034 5.65528 5.67634 5.69452 5.71287 5.73384 5.75234 5.77001 
