7 8 10 12 14 16 18 20 22 24 26 28 
0.0166667 0.0333333 0.05 0.0666667 0.0833333 0.1 0.116667 0.133333 0.15 0.166667 0.183333 0.2 0.216667 0.233333 0.25 0.266667 0.283333 0.3 0.316667 0.333333 0.35 0.366667 0.383333 0.4 0.416667 0.433333 0.45 0.466667 0.483333 0.5 0.516667 0.533333 0.55 0.566667 0.583333 0.6 0.616667 0.633333 0.65 0.666667 0.683333 0.7 0.716667 0.733333 0.75 0.766667 0.783333 0.8 0.816667 0.833333 
0.00158072 0.00231661 0.00261314 0.00275499 0.00285823 0.00290776 0.00292589 0.00294289 0.00292714 0.00291504 0.00291131 0.00294421 0.00292255 0.0029009 0.0029046 0.00294422 0.00294893 0.00292084 0.00295424 0.00297518 0.00295998 0.00296069 0.00299569 0.00299841 0.00299469 0.00300211 0.00299908 0.0029964 0.00296872 0.00295233 0.00293669 0.00294799 0.00296167 0.00297936 0.00298745 0.00298106 0.00297699 0.00298938 0.00300439 0.00298577 0.00298363 0.00298898 0.00298045 0.00300142 0.00300555 0.00302333 0.00302917 0.0030374 0.0030414 0.00302932 
0.00322433 0.00510231 0.00601468 0.00649811 0.00685497 0.00705847 0.00717841 0.00722663 0.00716817 0.00715237 0.00716138 0.00722935 0.00723163 0.00718139 0.00721525 0.00729238 0.00726573 0.00718844 0.0072389 0.00728385 0.00730949 0.0073068 0.00739587 0.00739074 0.00735732 0.00736445 0.00737123 0.00737142 0.00734951 0.00729246 0.00726122 0.00725143 0.00726761 0.00729008 0.00730776 0.00733253 0.00730608 0.00729436 0.0073421 0.00736799 0.00736792 0.00733835 0.00734002 0.00738582 0.00738598 0.00742452 0.00743563 0.00747517 0.00752059 0.00750755 
0.00550081 0.00954019 0.0120085 0.0135586 0.0145936 0.0154462 0.0160334 0.0163682 0.0164682 0.0165868 0.0167126 0.0167977 0.0168864 0.0169004 0.0170365 0.0171687 0.0171451 0.0171369 0.0171638 0.0172112 0.0173727 0.0173424 0.0173976 0.0173412 0.0172975 0.0172852 0.0172737 0.0172634 0.0172808 0.0172137 0.0172344 0.0171911 0.0172171 0.0171866 0.0171268 0.0171497 0.0171027 0.0170088 0.0170139 0.0170451 0.0171384 0.0171018 0.01716 0.0171184 0.0171016 0.017132 0.0172112 0.017245 0.0172555 0.0173038 
0.00522416 0.00953261 0.0124905 0.0146135 0.0160554 0.0173121 0.0183014 0.0190346 0.0195611 0.0200381 0.0203769 0.0205793 0.020733 0.0208993 0.0210513 0.0212106 0.0213151 0.021455 0.0215796 0.02166 0.0217689 0.0217662 0.0217193 0.0216355 0.0216155 0.021538 0.0214718 0.0214645 0.021462 0.0214703 0.0215028 0.0214956 0.0214999 0.0214258 0.0213712 0.021382 0.021383 0.0213364 0.021276 0.0212065 0.0212075 0.021215 0.0213214 0.0213321 0.0213481 0.0213832 0.0214365 0.021511 0.0215636 0.0215334 
0.00456325 0.00855545 0.0115068 0.0138838 0.0156919 0.0171581 0.0183629 0.019342 0.0201595 0.0208951 0.021539 0.0220554 0.0224703 0.0228432 0.0232523 0.0236001 0.0238696 0.0241023 0.0242551 0.0243078 0.0243586 0.0244113 0.0244234 0.0243593 0.0243028 0.0242162 0.0241444 0.0240923 0.0240904 0.0241069 0.0241254 0.024158 0.0241513 0.0241272 0.0241349 0.02417 0.0241499 0.0241344 0.0241112 0.0240789 0.0240155 0.0240179 0.0240769 0.0240914 0.0240884 0.0241282 0.0241726 0.0242612 0.0243656 0.0243825 
0.0046071 0.00882758 0.0121732 0.0150688 0.0175411 0.0196015 0.0213254 0.0227774 0.0240235 0.0251177 0.0261085 0.026982 0.0276949 0.0283083 0.029048 0.0296088 0.0300282 0.0303815 0.0306403 0.0307805 0.0308559 0.0309586 0.0310669 0.0311607 0.0312551 0.0312877 0.0312831 0.0312446 0.03132 0.0313659 0.0314264 0.031458 0.031493 0.0314905 0.031513 0.0315345 0.0315499 0.0315828 0.0315508 0.0314952 0.0314363 0.0313973 0.0313996 0.0314065 0.0313693 0.0313748 0.0314065 0.0314814 0.0315746 0.0316587 
0.00491053 0.00958645 0.0134931 0.0169583 0.0200276 0.0226933 0.0250086 0.0269982 0.0287665 0.030346 0.0317045 0.0329006 0.0339042 0.0347951 0.0358194 0.0366669 0.0373424 0.037921 0.0383881 0.0387171 0.0389149 0.0391664 0.0393607 0.0396199 0.0399131 0.0400439 0.0401459 0.0402246 0.0403293 0.0404197 0.0405657 0.0406475 0.0407782 0.0408547 0.0409507 0.0410649 0.0411937 0.0413138 0.0413068 0.0412817 0.0412888 0.0412933 0.0413017 0.0413267 0.0413532 0.0414886 0.0415995 0.0417092 0.0418628 0.041987 
0.00547462 0.0108933 0.0155706 0.019786 0.0235592 0.0269351 0.0299389 0.032648 0.0350769 0.0372822 0.0392264 0.040993 0.0425299 0.0438861 0.0453151 0.0465805 0.0476605 0.048574 0.0493246 0.0499065 0.050348 0.0508302 0.0512013 0.0516418 0.0522104 0.0525663 0.05282 0.0530635 0.0533186 0.0535908 0.0539771 0.0542954 0.0546129 0.0549318 0.0552283 0.0555585 0.0559117 0.0561495 0.0562491 0.056283 0.0563341 0.0563755 0.0564698 0.0565974 0.0567123 0.0569589 0.0571033 0.0572556 0.0574959 0.0577304 
0.00625221 0.012592 0.018168 0.023401 0.0281351 0.0324634 0.036389 0.0400084 0.0433358 0.0464015 0.049147 0.0517451 0.0540833 0.056185 0.0583259 0.0602451 0.06195 0.0634372 0.0646509 0.0656284 0.0664803 0.0673003 0.0679736 0.0686494 0.0694865 0.0701345 0.0706687 0.0711826 0.0716975 0.0722395 0.0728326 0.0733867 0.0738528 0.0743661 0.0748376 0.07533 0.0757466 0.0760075 0.0761898 0.0763363 0.076465 0.0765611 0.0767538 0.0770113 0.0772843 0.0777355 0.0780304 0.0783792 0.0787463 0.0790752 
0.00708597 0.0143084 0.0207885 0.0270066 0.0326375 0.0377991 0.042547 0.0470029 0.0511672 0.0550259 0.0585455 0.0618949 0.0649384 0.0678203 0.0706868 0.0732542 0.0755766 0.0776025 0.0792704 0.0807228 0.0821325 0.0834196 0.0845975 0.0857987 0.087061 0.0881314 0.0890794 0.0899988 0.090855 0.0917893 0.0926893 0.0935744 0.0943336 0.0951649 0.0959674 0.0967761 0.0974433 0.0979545 0.0984069 0.0987875 0.0991035 0.0993777 0.0997544 0.100219 0.100681 0.101319 0.101828 0.102454 0.103054 0.103569 
0.00798256 0.0161336 0.0235673 0.0307188 0.0371296 0.0430328 0.0485335 0.0538455 0.0588195 0.0635081 0.0678397 0.0719484 0.0757376 0.0794127 0.0831028 0.0864531 0.0895726 0.092268 0.0945106 0.0965472 0.0986027 0.100539 0.102405 0.104299 0.106133 0.107775 0.109261 0.110699 0.112017 0.113423 0.114784 0.116155 0.117347 0.118596 0.119903 0.121161 0.122263 0.123279 0.124271 0.125099 0.125825 0.126481 0.127181 0.127909 0.128627 0.129525 0.130347 0.131297 0.13223 0.133124 
0.00863021 0.0175101 0.0255737 0.033397 0.0404733 0.0469603 0.0529877 0.0589034 0.0644656 0.0696962 0.0745716 0.079317 0.0837344 0.0880047 0.0923807 0.0963585 0.100194 0.103614 0.106528 0.109174 0.111876 0.11448 0.117004 0.119492 0.121836 0.124051 0.126168 0.128191 0.130101 0.132105 0.134077 0.136055 0.13775 0.139484 0.141299 0.143032 0.144615 0.14609 0.147481 0.148691 0.1498 0.150793 0.151724 0.152598 0.153446 0.154468 0.155418 0.156463 0.157473 0.158454 
