16 20 24 28 32 36 40 44 48 52 56 60 64 
0.0166667 0.0333333 0.05 0.0666667 0.0833333 0.1 0.116667 0.133333 0.15 0.166667 0.183333 0.2 0.216667 0.233333 0.25 0.266667 0.283333 0.3 0.316667 0.333333 0.35 0.366667 0.383333 0.4 0.416667 0.433333 0.45 0.466667 0.483333 0.5 0.516667 0.533333 0.55 0.566667 0.583333 0.6 0.616667 0.633333 0.65 0.666667 0.683333 0.7 0.716667 0.733333 0.75 0.766667 0.783333 0.8 0.816667 0.833333 
0.0654461 0.0896792 0.0977929 0.101614 0.102165 0.103178 0.103766 0.103894 0.103716 0.10367 0.10378 0.104272 0.104042 0.104017 0.104387 0.104673 0.104764 0.104637 0.104499 0.104276 0.104317 0.104516 0.10416 0.104099 0.104223 0.104392 0.104638 0.104746 0.104751 0.104448 0.104511 0.104613 0.104753 0.104609 0.104291 0.104394 0.104227 0.104266 0.104275 0.104268 0.104179 0.104309 0.10436 0.104234 0.104233 0.103933 0.103978 0.104146 0.104456 0.104413 
0.122786 0.190588 0.222218 0.238229 0.246767 0.251824 0.254053 0.255888 0.256216 0.256455 0.256594 0.256551 0.256023 0.25633 0.257024 0.257324 0.257593 0.25738 0.25729 0.257412 0.257807 0.257836 0.257551 0.257037 0.256711 0.257399 0.257936 0.258642 0.258608 0.259035 0.259341 0.259655 0.260176 0.259722 0.259495 0.259328 0.259003 0.258995 0.258426 0.258103 0.258159 0.258448 0.258262 0.258066 0.257874 0.258064 0.258528 0.258673 0.258414 0.258937 
0.163843 0.276656 0.343028 0.383318 0.408277 0.423912 0.431912 0.437241 0.440135 0.443084 0.444842 0.445439 0.446117 0.447235 0.448199 0.448169 0.448163 0.447643 0.447913 0.449084 0.44951 0.449992 0.450294 0.449192 0.44847 0.448511 0.449684 0.45114 0.451839 0.452692 0.453069 0.45352 0.453483 0.453193 0.452541 0.452842 0.452833 0.452853 0.452103 0.452113 0.452318 0.452786 0.452646 0.452721 0.452231 0.452286 0.45262 0.452561 0.452474 0.452575 
0.192586 0.341587 0.443763 0.514827 0.565053 0.600687 0.624286 0.64193 0.653695 0.663258 0.66951 0.672946 0.677336 0.680953 0.684331 0.685956 0.685711 0.685579 0.68751 0.688379 0.68842 0.68739 0.687219 0.686873 0.686894 0.687858 0.689077 0.690132 0.691923 0.694047 0.694596 0.695184 0.695519 0.695796 0.695903 0.696781 0.696691 0.696137 0.694854 0.692941 0.691258 0.689927 0.689816 0.690834 0.691612 0.693171 0.693974 0.694782 0.695392 0.694857 
0.208889 0.384003 0.516335 0.616861 0.694816 0.753561 0.797145 0.832604 0.859602 0.88228 0.898648 0.91005 0.920587 0.928081 0.934202 0.93854 0.941308 0.94281 0.945044 0.946227 0.945997 0.944984 0.94626 0.947571 0.948036 0.948653 0.948805 0.949392 0.951074 0.953821 0.955535 0.956624 0.957593 0.958538 0.959066 0.960183 0.960792 0.960574 0.960188 0.959004 0.957447 0.957205 0.958027 0.958886 0.958308 0.959401 0.959646 0.959386 0.958071 0.957386 
0.214926 0.405095 0.556455 0.678299 0.776827 0.854879 0.91683 0.968183 1.01011 1.04563 1.07365 1.09679 1.11697 1.133 1.14501 1.1544 1.16149 1.1665 1.17125 1.17371 1.17586 1.17695 1.18022 1.18432 1.18635 1.18826 1.1892 1.18997 1.19159 1.1954 1.19764 1.1989 1.20037 1.20075 1.20174 1.20344 1.20532 1.20625 1.20668 1.20539 1.2041 1.20462 1.20426 1.20413 1.20389 1.20498 1.20527 1.20485 1.20403 1.20347 
0.217648 0.418733 0.586642 0.727239 0.844855 0.941654 1.02255 1.08986 1.14629 1.19571 1.23696 1.27221 1.30355 1.32921 1.34881 1.36569 1.38089 1.39391 1.40449 1.41191 1.41918 1.42537 1.43116 1.43831 1.44415 1.44843 1.45115 1.45325 1.45407 1.45706 1.4594 1.46112 1.4638 1.46463 1.46439 1.46462 1.46567 1.4662 1.46555 1.4655 1.46462 1.4648 1.46336 1.46327 1.46376 1.46559 1.46769 1.46898 1.46942 1.47075 
0.216038 0.423345 0.603687 0.75873 0.891957 1.00544 1.10356 1.18739 1.25992 1.32503 1.38104 1.4294 1.47251 1.50975 1.53901 1.56434 1.58737 1.60759 1.62634 1.64127 1.65381 1.66476 1.67466 1.68464 1.69385 1.70009 1.70433 1.70866 1.71219 1.71689 1.72092 1.72401 1.72754 1.73086 1.73212 1.73172 1.73063 1.72844 1.72628 1.72496 1.72331 1.72245 1.72085 1.7201 1.72043 1.72184 1.72395 1.72682 1.72769 1.72974 
0.210662 0.417773 0.602716 0.76467 0.906852 1.03133 1.14126 1.23726 1.32185 1.39735 1.46316 1.52135 1.5737 1.62014 1.65901 1.69312 1.72278 1.74902 1.77393 1.79522 1.81269 1.82864 1.84283 1.85594 1.86836 1.8786 1.88745 1.89693 1.90446 1.91189 1.91785 1.92274 1.92777 1.93295 1.93588 1.93561 1.93427 1.93353 1.93304 1.93282 1.93458 1.9369 1.93863 1.94044 1.94303 1.94591 1.94862 1.95398 1.95679 1.95909 
0.202739 0.405079 0.588468 0.753003 0.901215 1.0336 1.15337 1.25955 1.35438 1.43802 1.51296 1.5811 1.64347 1.70087 1.75234 1.79888 1.83919 1.87516 1.90764 1.93705 1.9622 1.98635 2.00811 2.02704 2.04487 2.06112 2.0756 2.0892 2.09978 2.10941 2.11832 2.12568 2.13259 2.13898 2.14392 2.14607 2.14792 2.15032 2.15251 2.15531 2.15995 2.16613 2.17215 2.17831 2.18384 2.18841 2.19302 2.19898 2.20363 2.20602 
0.194618 0.391737 0.572756 0.737085 0.888692 1.0257 1.15128 1.26415 1.36548 1.4561 1.54045 1.61849 1.6906 1.75745 1.81875 1.87516 1.92481 1.96906 2.01016 2.04778 2.08081 2.11157 2.14047 2.16639 2.19132 2.21381 2.23418 2.25345 2.27096 2.28567 2.29932 2.311 2.32145 2.33158 2.34114 2.3487 2.35577 2.36381 2.37034 2.37706 2.38337 2.3903 2.39799 2.40538 2.41194 2.41655 2.42187 2.43029 2.4374 2.44201 
0.186837 0.3784 0.556307 0.717874 0.868924 1.00624 1.13379 1.24962 1.35438 1.44942 1.5387 1.62226 1.69925 1.7716 1.83798 1.89944 1.95364 2.00247 2.04801 2.08976 2.12733 2.16302 2.19728 2.22948 2.26052 2.28761 2.31372 2.33762 2.36099 2.38384 2.40564 2.42539 2.4429 2.45856 2.47281 2.48542 2.49676 2.50769 2.51841 2.52949 2.54022 2.55129 2.56401 2.57461 2.58435 2.59098 2.59758 2.6062 2.61408 2.62159 
0.176228 0.35879 0.531445 0.689979 0.840013 0.978197 1.1064 1.22413 1.33173 1.42955 1.52216 1.60855 1.68849 1.76423 1.83309 1.89664 1.95294 2.0047 2.05376 2.09901 2.14118 2.18121 2.21949 2.25795 2.29537 2.32858 2.36095 2.39004 2.41823 2.44666 2.47442 2.50076 2.52459 2.54652 2.56751 2.58607 2.60357 2.61974 2.63493 2.64954 2.66378 2.67676 2.69122 2.70319 2.71533 2.72617 2.7374 2.75119 2.76503 2.77917 
