7 8 10 12 14 16 18 20 22 24 26 28 
0.0166667 0.0333333 0.05 0.0666667 0.0833333 0.1 0.116667 0.133333 0.15 0.166667 0.183333 0.2 0.216667 0.233333 0.25 0.266667 0.283333 0.3 0.316667 0.333333 0.35 0.366667 0.383333 0.4 0.416667 0.433333 0.45 0.466667 0.483333 0.5 0.516667 0.533333 0.55 0.566667 0.583333 0.6 0.616667 0.633333 0.65 0.666667 0.683333 0.7 0.716667 0.733333 0.75 0.766667 0.783333 0.8 0.816667 0.833333 
4.91752e-05 5.99772e-05 6.4667e-05 6.64045e-05 6.82292e-05 6.91196e-05 6.89867e-05 6.90127e-05 6.93605e-05 6.96651e-05 6.97381e-05 6.9945e-05 7.04749e-05 7.06966e-05 7.05304e-05 7.10971e-05 7.12442e-05 7.08676e-05 7.04458e-05 6.959e-05 6.93035e-05 6.99571e-05 6.93431e-05 6.95554e-05 6.95029e-05 6.9891e-05 7.04655e-05 7.06256e-05 7.12068e-05 7.09131e-05 7.05803e-05 7.07243e-05 7.07093e-05 7.09389e-05 7.06159e-05 7.04829e-05 7.07901e-05 7.1334e-05 7.14217e-05 7.15307e-05 7.17948e-05 7.22129e-05 7.22054e-05 7.23845e-05 7.23915e-05 7.22815e-05 7.22109e-05 7.1957e-05 7.18524e-05 7.13542e-05 
5.69626e-05 7.43252e-05 8.33852e-05 8.77352e-05 9.27482e-05 9.5053e-05 9.55419e-05 9.53673e-05 9.61141e-05 9.59846e-05 9.63584e-05 9.61866e-05 9.7073e-05 9.76628e-05 9.73785e-05 9.82167e-05 9.87313e-05 9.8612e-05 9.73977e-05 9.58815e-05 9.53938e-05 9.65261e-05 9.53451e-05 9.59825e-05 9.50382e-05 9.58512e-05 9.67591e-05 9.71363e-05 9.82337e-05 9.78557e-05 9.7901e-05 9.77801e-05 9.78307e-05 9.88262e-05 9.76295e-05 9.67334e-05 9.64843e-05 9.73896e-05 9.75307e-05 9.73854e-05 9.77194e-05 9.90297e-05 9.89543e-05 9.94522e-05 9.98701e-05 9.9655e-05 9.94655e-05 9.89421e-05 9.83692e-05 9.73275e-05 
8.07938e-05 0.000120833 0.000149691 0.000167129 0.000179143 0.0001872 0.000191083 0.000192662 0.00019642 0.000198355 0.000198235 0.000198335 0.000198869 0.000197907 0.000199001 0.00019906 0.000200015 0.000199398 0.00019874 0.000198828 0.000199262 0.000198406 0.000197746 0.000199176 0.000197949 0.000198287 0.000197579 0.000197179 0.000198157 0.000198218 0.000200091 0.000202665 0.000204468 0.000206971 0.000205593 0.000204855 0.000204974 0.000205355 0.000205508 0.000204955 0.000204973 0.000206023 0.000206133 0.000206784 0.000206474 0.000205809 0.00020697 0.000207592 0.000207423 0.000206357 
9.05721e-05 0.000145644 0.000187981 0.000215572 0.000233195 0.000248976 0.000258834 0.000264654 0.000272728 0.000279017 0.000281668 0.000283926 0.000285079 0.000283781 0.000283579 0.000282874 0.000284389 0.000284287 0.000284551 0.000285537 0.000287122 0.000287358 0.000287696 0.000290551 0.000290441 0.000290318 0.000289912 0.000290239 0.00029157 0.000291403 0.000293193 0.000296384 0.000298087 0.000299967 0.000300556 0.000300489 0.000302508 0.000303853 0.000304182 0.000304023 0.000303752 0.000304329 0.000304626 0.000305486 0.000305864 0.000304943 0.000305936 0.000306924 0.000307162 0.000307189 
8.21886e-05 0.00013417 0.000175438 0.000206739 0.000232291 0.000253612 0.000270473 0.00028378 0.000297683 0.000308419 0.00031532 0.000321428 0.000325934 0.000329351 0.000331632 0.000333717 0.000336039 0.000337606 0.000337895 0.000338419 0.000340417 0.000342214 0.000342434 0.000343993 0.000343756 0.000343549 0.000342867 0.000343378 0.000344295 0.000344891 0.000346099 0.000347415 0.000348344 0.000349457 0.000350317 0.000351526 0.000353743 0.000355295 0.000357087 0.000358025 0.000357428 0.000357587 0.000359301 0.000361249 0.000363211 0.000363856 0.000364936 0.000364899 0.00036501 0.000364994 
0.00010727 0.000183505 0.00024978 0.000304553 0.00035303 0.000394472 0.000429802 0.000458122 0.000486898 0.000511298 0.000529543 0.000546313 0.000560763 0.000573164 0.000583972 0.000591844 0.000596337 0.000600637 0.000602543 0.00060428 0.000608978 0.000612848 0.000616898 0.000621643 0.000622215 0.000622592 0.000623525 0.000625642 0.000629709 0.000632967 0.000635867 0.00063854 0.000641315 0.000643025 0.000645386 0.000647899 0.000652531 0.000657431 0.000660732 0.000661333 0.000660472 0.000660389 0.000664856 0.000667874 0.000670667 0.00067016 0.000671316 0.000670518 0.000670178 0.000668371 
0.000160387 0.000290149 0.000408803 0.000508491 0.00059479 0.000673217 0.000743027 0.000800582 0.000857939 0.000907787 0.000946425 0.000981432 0.00101231 0.00103849 0.00106414 0.00108295 0.00109633 0.00110829 0.00111526 0.00112085 0.00113006 0.00113852 0.00114939 0.00116322 0.00116961 0.00117493 0.00118273 0.00119119 0.0012033 0.00121382 0.00122335 0.00123218 0.00124123 0.00124651 0.00125502 0.00126167 0.0012718 0.00128264 0.00128971 0.00129125 0.00129267 0.00129444 0.00130235 0.00130778 0.00131044 0.00130547 0.00130265 0.00129916 0.00129854 0.00129741 
0.000232466 0.000437329 0.000627166 0.000791063 0.000932353 0.00106649 0.00118819 0.0012909 0.00139288 0.00148223 0.00155382 0.00161809 0.00167427 0.00172485 0.0017744 0.00181488 0.00185049 0.00188177 0.00190355 0.0019207 0.00193933 0.00195682 0.00197693 0.0020025 0.00201985 0.00203689 0.00205726 0.00207731 0.0021035 0.00212696 0.00214821 0.00216731 0.0021885 0.00220287 0.00222355 0.00224186 0.00226362 0.00228431 0.00229897 0.00230649 0.00231636 0.00232617 0.00234149 0.00235192 0.00235524 0.00234722 0.00234012 0.00233398 0.00233199 0.00233032 
0.000294863 0.000566308 0.000820664 0.00104622 0.00124237 0.00143383 0.00161078 0.00176365 0.00191495 0.00204971 0.00216218 0.00226428 0.00235476 0.00244012 0.00252052 0.00259138 0.002659 0.00271957 0.00276503 0.00280206 0.00283639 0.00286822 0.00290008 0.00293846 0.00296877 0.0030015 0.00303905 0.00307473 0.00311625 0.00315471 0.00318973 0.00322117 0.00325662 0.00328373 0.0033181 0.00335104 0.00338653 0.00342012 0.00344711 0.00346685 0.00349085 0.00351365 0.00354092 0.00356092 0.00357161 0.00356984 0.00356704 0.0035669 0.00357053 0.00357343 
0.00033722 0.000652978 0.000952367 0.00122366 0.00146286 0.00170004 0.00192427 0.00212145 0.00231601 0.00249247 0.00264448 0.0027845 0.00290999 0.00303255 0.0031458 0.00325014 0.00335152 0.00344438 0.00351972 0.00358354 0.00364029 0.00369237 0.00374025 0.00379421 0.00384046 0.00389066 0.00394762 0.00399871 0.00405373 0.00410444 0.00415064 0.00419286 0.00423995 0.00427859 0.00432477 0.00437285 0.00442241 0.00446997 0.00451166 0.00454517 0.00458232 0.00461859 0.00465743 0.00468914 0.00471046 0.0047211 0.00472893 0.00473995 0.00475394 0.00476768 
0.00036805 0.00071581 0.00104667 0.00135325 0.00162638 0.00190063 0.00216376 0.00240162 0.00263719 0.00285475 0.00304767 0.00322803 0.00339167 0.00355466 0.00370512 0.00384753 0.00398429 0.00411193 0.00422255 0.00431892 0.00440481 0.0044849 0.00455427 0.00462796 0.00469441 0.0047646 0.00484286 0.00491104 0.00498142 0.00504497 0.00510182 0.00515582 0.00521463 0.00526453 0.00532126 0.00538342 0.00544862 0.00551313 0.00557285 0.00562235 0.00567351 0.00572484 0.00577881 0.00582482 0.00586213 0.00588998 0.0059146 0.00594125 0.00597074 0.00600003 
0.000387674 0.000756312 0.00110868 0.00144166 0.0017424 0.00204813 0.0023422 0.00261465 0.00288484 0.00313784 0.00336817 0.00358477 0.00378198 0.00398124 0.00416537 0.00434181 0.0045098 0.00466768 0.00481036 0.0049373 0.00505049 0.00515754 0.00524794 0.00534186 0.00543001 0.00552342 0.00562418 0.00571114 0.00579849 0.00587732 0.00594727 0.00601323 0.00608456 0.00614598 0.00621315 0.0062887 0.00636764 0.00644649 0.00652243 0.00658707 0.00665124 0.00671646 0.00678322 0.00684116 0.00689247 0.00693601 0.00697522 0.00701498 0.00705819 0.00710258 
