7 8 10 12 14 16 18 20 22 24 26 28 
0.0166667 0.0333333 0.05 0.0666667 0.0833333 0.1 0.116667 0.133333 0.15 0.166667 0.183333 0.2 0.216667 0.233333 0.25 0.266667 0.283333 0.3 0.316667 0.333333 0.35 0.366667 0.383333 0.4 0.416667 0.433333 0.45 0.466667 0.483333 0.5 0.516667 0.533333 0.55 0.566667 0.583333 0.6 0.616667 0.633333 0.65 0.666667 0.683333 0.7 0.716667 0.733333 0.75 0.766667 0.783333 0.8 0.816667 0.833333 
0.00018426 0.000264635 0.000298764 0.000313669 0.0003225 0.000326254 0.000328212 0.000328385 0.000329112 0.00032781 0.000328478 0.000327861 0.000327059 0.000327824 0.000330016 0.000330601 0.000328488 0.000328689 0.000329709 0.000330681 0.000329752 0.000330176 0.000329365 0.000327774 0.000326885 0.000327609 0.000328491 0.000329635 0.000331172 0.000328031 0.000327668 0.000329182 0.000330365 0.000330511 0.000331703 0.00033208 0.000331705 0.000330625 0.000329487 0.00033068 0.000330474 0.000330037 0.000330843 0.000330755 0.000330065 0.000330142 0.00033019 0.00032983 0.000328467 0.000328512 
0.000334748 0.000518269 0.000611797 0.00066235 0.000694009 0.000709259 0.000720105 0.000724637 0.000727767 0.000726481 0.000726359 0.000726052 0.000724349 0.000726978 0.000730927 0.000734653 0.000728768 0.000728619 0.000731927 0.000731729 0.000727564 0.000725779 0.000722811 0.000715722 0.000715376 0.00071487 0.000716909 0.000722935 0.000729335 0.000727279 0.000726775 0.000729067 0.000727889 0.000727454 0.000727733 0.000731111 0.000732096 0.000731154 0.000728608 0.000728986 0.000728115 0.000724689 0.000724473 0.000724053 0.000727741 0.000729932 0.000729082 0.000725026 0.000724341 0.000724216 
0.000472422 0.000791616 0.000992945 0.00113056 0.00123256 0.001291 0.00133399 0.00136512 0.0013849 0.00139617 0.00140903 0.00141726 0.0014243 0.00143235 0.00143351 0.0014417 0.00144112 0.00143623 0.00143738 0.00143166 0.00142116 0.00141314 0.00140882 0.00139742 0.0014032 0.00140502 0.00140879 0.00141263 0.00142142 0.00142924 0.00143576 0.00144035 0.00144093 0.00144306 0.00144184 0.00143653 0.00143434 0.00143504 0.00143162 0.00142802 0.00142218 0.00142032 0.00142317 0.00142843 0.00143685 0.0014396 0.00143687 0.00143131 0.00142603 0.0014233 
0.000433918 0.000763241 0.00100219 0.00117865 0.0013219 0.0014196 0.00149569 0.00155378 0.0015933 0.00162495 0.00165257 0.00167076 0.00168712 0.00170129 0.001711 0.00171597 0.00172018 0.00172267 0.0017233 0.00171972 0.00171016 0.00170484 0.00170208 0.00169748 0.00170121 0.00170564 0.00171153 0.00171653 0.00172076 0.00172718 0.00173229 0.00173805 0.00173902 0.00174595 0.00174792 0.00174615 0.00174589 0.00174666 0.00174246 0.00173835 0.00173416 0.00173108 0.00172912 0.00173101 0.00173194 0.00173114 0.00172839 0.00172135 0.00171404 0.00170758 
0.000415767 0.000759794 0.00103923 0.00125501 0.00143551 0.00157351 0.0016858 0.00177912 0.0018508 0.00190316 0.0019485 0.00198592 0.00201804 0.00204608 0.00206471 0.00207287 0.00207823 0.0020817 0.00208886 0.00209347 0.00209178 0.00209511 0.00210106 0.00209973 0.00209835 0.00210081 0.00210547 0.0021076 0.00211281 0.00212048 0.00212512 0.00213434 0.00213946 0.00214846 0.0021514 0.002153 0.00215343 0.0021534 0.0021496 0.00214468 0.00213783 0.0021364 0.00213635 0.00213725 0.0021376 0.00213407 0.00212778 0.00211664 0.00210686 0.0021009 
0.000482964 0.000910373 0.00126986 0.00156303 0.00181666 0.002025 0.002205 0.00236223 0.00249386 0.00259998 0.00269574 0.00278387 0.00285829 0.00292481 0.00297288 0.00300766 0.00303226 0.0030479 0.00306872 0.00308613 0.00309122 0.00309794 0.0031097 0.0031097 0.00311075 0.00311565 0.00312797 0.00313761 0.00314823 0.00316046 0.00317243 0.00318992 0.00321058 0.00322911 0.00324333 0.00325277 0.00325508 0.00325289 0.00324265 0.00323114 0.00321654 0.00320899 0.00320501 0.00320162 0.00320314 0.00320044 0.0031965 0.00319041 0.00318027 0.00317449 
0.000582861 0.00112298 0.00158331 0.00197958 0.00233192 0.00263465 0.00290924 0.00315128 0.00335987 0.00353813 0.00370623 0.00386283 0.00400011 0.00412251 0.00422002 0.0043001 0.00436091 0.00440744 0.00445167 0.00449009 0.00451173 0.00453164 0.00455867 0.00457542 0.00459561 0.00461682 0.00464554 0.00467367 0.00469695 0.00472021 0.00474394 0.00477268 0.004809 0.004841 0.00486655 0.00488454 0.00489443 0.00490381 0.00490364 0.00489995 0.00489114 0.00488515 0.00488235 0.00487615 0.00487629 0.004867 0.00485603 0.0048439 0.00482695 0.00481683 
0.000679117 0.00133 0.00189768 0.00240488 0.00286399 0.0032699 0.00365276 0.00399601 0.00429477 0.0045598 0.00481468 0.00505191 0.00526077 0.0054476 0.0056059 0.005745 0.00586083 0.00596033 0.0060519 0.0061311 0.00618989 0.00624249 0.00630484 0.00635411 0.00640267 0.00644611 0.00649939 0.00655718 0.00660712 0.00665438 0.0067012 0.00674809 0.00680458 0.00685707 0.00690304 0.00694229 0.00697354 0.00700681 0.00702538 0.00704316 0.00705341 0.00706217 0.00706857 0.00706577 0.00706601 0.00705304 0.00703901 0.00702836 0.00700526 0.00699242 
0.000761252 0.00150516 0.00216639 0.00276671 0.00332128 0.00382452 0.00430781 0.00474842 0.00513266 0.00548714 0.00582794 0.00615119 0.00644155 0.00670702 0.00694069 0.00715376 0.00734051 0.00750712 0.00766309 0.00780248 0.00792033 0.00802607 0.00813712 0.00823424 0.00832716 0.00840569 0.00850057 0.00860399 0.00869756 0.00878278 0.00886597 0.00894332 0.00903067 0.00911068 0.00918162 0.00924975 0.00930747 0.00936637 0.00940539 0.00944551 0.00948417 0.00951667 0.00954305 0.00955375 0.00956254 0.00955486 0.00954479 0.00953627 0.00950975 0.00948859 
0.000826823 0.0016443 0.00238604 0.0030706 0.00371349 0.00430487 0.00487599 0.00540167 0.00586444 0.00629318 0.00670683 0.00710988 0.00747989 0.00782105 0.00813119 0.00841746 0.00867251 0.00891009 0.00913837 0.00935032 0.00954639 0.00972759 0.00990413 0.0100647 0.0102146 0.0103437 0.0104895 0.0106434 0.0107857 0.0109179 0.0110454 0.0111651 0.0112894 0.0114035 0.0115114 0.0116225 0.011723 0.0118214 0.011896 0.0119762 0.0120575 0.0121293 0.0121888 0.0122259 0.0122601 0.012275 0.0122842 0.0122895 0.0122717 0.0122521 
0.000882145 0.00176016 0.00256575 0.00332077 0.00404101 0.00471168 0.00536403 0.00597364 0.00651925 0.007022 0.00750266 0.00797733 0.00841942 0.00882859 0.00920817 0.00956965 0.00989688 0.0102067 0.0105119 0.0108007 0.0110768 0.0113342 0.0115818 0.0118109 0.0120231 0.012205 0.0123992 0.0125953 0.0127818 0.0129602 0.0131331 0.0133003 0.013462 0.013611 0.0137557 0.0139054 0.0140467 0.0141841 0.0142961 0.0144189 0.014538 0.014644 0.0147354 0.0148012 0.0148606 0.0148979 0.0149253 0.0149487 0.0149453 0.0149406 
0.000918507 0.00184006 0.00268978 0.003494 0.00427406 0.00501082 0.00573097 0.00641016 0.0070257 0.00759372 0.00813516 0.00867075 0.00917606 0.00965274 0.010096 0.010528 0.0109228 0.0112984 0.0116706 0.0120254 0.0123611 0.0126796 0.0129891 0.0132805 0.0135513 0.0137906 0.0140318 0.0142756 0.0145156 0.0147454 0.0149684 0.0151858 0.0153921 0.0155825 0.0157649 0.0159521 0.0161308 0.0163009 0.016441 0.0165908 0.0167351 0.0168572 0.0169647 0.0170461 0.0171183 0.0171652 0.0171986 0.0172225 0.0172215 0.017227 
