16 20 24 32 40 48 64 80 96 
1 2 3 4 5 6 7 8 9 10 11 12 13 14 15 16 17 18 19 20 21 22 23 24 25 26 27 28 29 30 31 32 33 34 35 36 37 38 39 40 41 42 43 44 45 46 47 48 49 50 
0.0219949 0.0446925 0.0668737 0.0882503 0.108895 0.128778 0.148163 0.167184 0.185698 0.203562 0.220872 0.237884 0.254454 0.270716 0.286644 0.302213 0.317376 0.332477 0.347414 0.362141 0.376688 0.390725 0.404409 0.417713 0.430976 0.443942 0.45644 0.468624 0.480364 0.491853 0.503249 0.514574 0.52573 0.536596 0.547432 0.558212 0.568802 0.579144 0.589317 0.59926 0.608965 0.618407 0.627661 0.636877 0.646063 0.654942 0.663563 0.671925 0.680093 0.688206 
0.0318732 0.0652639 0.0978795 0.128929 0.158616 0.187265 0.215007 0.241769 0.267462 0.292546 0.31689 0.340507 0.363396 0.385804 0.407622 0.429085 0.449824 0.470129 0.489616 0.508625 0.527147 0.544915 0.562588 0.579728 0.596362 0.612307 0.627692 0.64252 0.656897 0.670674 0.684337 0.697933 0.711277 0.723965 0.736456 0.748633 0.760576 0.772087 0.78336 0.793997 0.804477 0.814803 0.824939 0.834999 0.844807 0.854485 0.863617 0.87218 0.880462 0.888757 
0.043604 0.0896853 0.134179 0.17657 0.21716 0.255743 0.292589 0.328031 0.362166 0.39509 0.42657 0.457276 0.487105 0.515502 0.542544 0.568595 0.593784 0.61794 0.641081 0.663334 0.684834 0.705351 0.725331 0.744811 0.763688 0.781797 0.79929 0.815894 0.83163 0.846892 0.86179 0.876045 0.889836 0.902812 0.915168 0.927082 0.938404 0.949388 0.959693 0.969687 0.979187 0.988237 0.99693 1.00526 1.01336 1.02111 1.02864 1.03556 1.04218 1.04848 
0.0621776 0.126029 0.186509 0.242625 0.294359 0.342449 0.387114 0.428512 0.467303 0.503406 0.53691 0.568176 0.597728 0.625575 0.651559 0.675895 0.698748 0.720043 0.739698 0.758187 0.775772 0.791821 0.807192 0.821562 0.834984 0.84728 0.859015 0.869972 0.880142 0.88995 0.899053 0.90758 0.915482 0.922578 0.928791 0.934901 0.940561 0.945995 0.951408 0.956818 0.962189 0.967269 0.97164 0.975992 0.980366 0.984232 0.987676 0.991111 0.994092 0.99686 
0.0707706 0.140347 0.203734 0.260232 0.310695 0.355919 0.396546 0.432674 0.46501 0.493886 0.519814 0.54303 0.563945 0.58266 0.599528 0.614514 0.628223 0.640518 0.65151 0.661109 0.669906 0.67797 0.685798 0.692982 0.699473 0.704983 0.710091 0.714628 0.718588 0.722364 0.725614 0.72848 0.731072 0.733385 0.735233 0.736564 0.737925 0.739549 0.741226 0.742831 0.744112 0.745539 0.746518 0.747346 0.748044 0.748536 0.748928 0.749104 0.749298 0.749556 
0.0697363 0.135249 0.191898 0.240106 0.281574 0.317084 0.347363 0.373415 0.395754 0.415046 0.431685 0.445965 0.458419 0.46936 0.478741 0.486434 0.493263 0.499161 0.504492 0.508902 0.512565 0.515516 0.51842 0.52098 0.523487 0.52536 0.526788 0.528031 0.529148 0.530458 0.531581 0.532354 0.533104 0.533836 0.53448 0.534948 0.535355 0.535949 0.536496 0.537176 0.537526 0.537786 0.538016 0.537999 0.537912 0.537855 0.53791 0.537926 0.538019 0.53824 
0.056597 0.103894 0.139802 0.166968 0.187842 0.203583 0.215587 0.224801 0.231754 0.237243 0.241537 0.244896 0.247354 0.249371 0.251187 0.25236 0.253289 0.254013 0.254848 0.255007 0.255139 0.255326 0.255453 0.255643 0.255909 0.255865 0.255814 0.255981 0.256165 0.2564 0.256606 0.256719 0.256741 0.256799 0.256802 0.256727 0.256635 0.256643 0.256677 0.256664 0.25676 0.256818 0.256802 0.256503 0.256153 0.255957 0.255988 0.256216 0.256426 0.256766 
0.045139 0.0777026 0.0989887 0.112971 0.122119 0.127964 0.132016 0.134763 0.136546 0.137953 0.138925 0.139515 0.139874 0.140063 0.140225 0.140226 0.140192 0.140128 0.140313 0.140381 0.140533 0.140519 0.140467 0.14047 0.14065 0.140628 0.140489 0.140478 0.140432 0.140535 0.140455 0.140311 0.140154 0.140082 0.139983 0.14008 0.140127 0.140165 0.140139 0.140136 0.140181 0.14028 0.140411 0.140382 0.14038 0.140397 0.14052 0.140641 0.140745 0.140884 
0.0377367 0.060467 0.0726897 0.079487 0.083208 0.0851657 0.0864367 0.0870916 0.0874342 0.087761 0.0880313 0.0881263 0.0881559 0.088074 0.0881085 0.0881501 0.0881837 0.0881716 0.0881921 0.0882764 0.0884187 0.088385 0.0883261 0.0882149 0.0881896 0.0881978 0.0881751 0.0881545 0.0881838 0.0882271 0.0882018 0.0882056 0.0881397 0.0880711 0.0880346 0.0881011 0.088249 0.0882802 0.0881809 0.0880903 0.0881389 0.0882502 0.0883395 0.0883639 0.088329 0.0883509 0.088426 0.0884211 0.0883943 0.0883623 
