16 20 24 32 40 48 64 80 96 
1 2 3 4 5 6 7 8 9 10 11 12 13 14 15 16 17 18 19 20 21 22 23 24 25 26 27 28 29 30 31 32 33 34 35 36 37 38 39 40 41 42 43 44 45 46 47 48 49 50 
0.0186989 0.0383038 0.057338 0.0757359 0.0938849 0.111449 0.128453 0.145027 0.161069 0.176833 0.19246 0.207715 0.222699 0.237396 0.251706 0.265608 0.279027 0.292299 0.305325 0.318032 0.330354 0.342585 0.354742 0.366644 0.37831 0.389735 0.400973 0.411936 0.422815 0.433341 0.443754 0.453992 0.464122 0.473924 0.483551 0.492856 0.502033 0.511255 0.520245 0.528993 0.537482 0.545775 0.554075 0.562133 0.570014 0.577813 0.585289 0.592813 0.600147 0.607159 
0.0263505 0.0544883 0.0818818 0.108319 0.134296 0.159361 0.183745 0.207389 0.230315 0.252521 0.274385 0.295422 0.315763 0.335333 0.354238 0.372579 0.390317 0.407404 0.424175 0.440296 0.455739 0.470533 0.484976 0.499052 0.512822 0.526158 0.539163 0.551633 0.564137 0.5762 0.587903 0.599191 0.610195 0.620623 0.630535 0.640311 0.64988 0.659119 0.668107 0.676752 0.685041 0.693018 0.700754 0.708171 0.715499 0.722653 0.729659 0.736675 0.743448 0.750075 
0.0350355 0.0722197 0.108154 0.142268 0.174927 0.206492 0.236939 0.266212 0.294091 0.320608 0.346352 0.371017 0.3947 0.417473 0.4395 0.460876 0.481102 0.500462 0.518823 0.536314 0.552842 0.568984 0.584401 0.599132 0.613538 0.627194 0.64025 0.652677 0.664827 0.676452 0.68768 0.698311 0.708779 0.718735 0.728456 0.737807 0.746726 0.755483 0.764129 0.772479 0.780461 0.787897 0.795183 0.802267 0.809033 0.815532 0.821973 0.828169 0.834097 0.839963 
0.0490328 0.0999806 0.147781 0.19232 0.233842 0.272377 0.308135 0.341505 0.372409 0.401211 0.427902 0.452891 0.476195 0.497998 0.518273 0.537231 0.554661 0.570861 0.585884 0.599839 0.612609 0.624641 0.636013 0.646798 0.657095 0.666673 0.675733 0.684152 0.692387 0.700089 0.707173 0.713987 0.720292 0.726306 0.731753 0.73669 0.741299 0.745568 0.749546 0.753231 0.756366 0.75937 0.762351 0.764922 0.767108 0.769031 0.771068 0.77316 0.775079 0.777076 
0.054773 0.109463 0.158626 0.202741 0.242025 0.277229 0.308421 0.336261 0.361147 0.383603 0.4037 0.422029 0.438584 0.453567 0.467105 0.479446 0.490613 0.500648 0.509469 0.517888 0.525262 0.531882 0.537758 0.543009 0.548089 0.552458 0.556533 0.560159 0.563386 0.566069 0.568406 0.570606 0.57261 0.574516 0.576016 0.577129 0.578001 0.57877 0.579567 0.580292 0.581117 0.582037 0.582897 0.583386 0.58351 0.58347 0.583493 0.583533 0.583672 0.58409 
0.0552626 0.107795 0.152866 0.191523 0.224607 0.252855 0.276768 0.297115 0.314303 0.329397 0.342147 0.353378 0.362974 0.371258 0.37837 0.384639 0.390158 0.39475 0.39876 0.402229 0.405328 0.407986 0.41026 0.41245 0.414447 0.415916 0.417255 0.418422 0.41933 0.420235 0.421048 0.421818 0.422655 0.42332 0.423744 0.423879 0.424085 0.42412 0.424352 0.424615 0.424869 0.425171 0.42533 0.425382 0.425272 0.425231 0.425142 0.42506 0.424847 0.424698 
0.048406 0.0893647 0.120405 0.143547 0.161212 0.174762 0.184972 0.192839 0.198827 0.203672 0.207214 0.210109 0.212317 0.213907 0.215001 0.215843 0.216317 0.216679 0.217192 0.217585 0.217801 0.217993 0.21812 0.218439 0.2187 0.21899 0.21922 0.219518 0.219618 0.219733 0.219806 0.219872 0.219878 0.219788 0.219866 0.21972 0.219591 0.219449 0.219426 0.21941 0.219455 0.219596 0.219669 0.21968 0.219586 0.219654 0.219517 0.219439 0.2194 0.219382 
0.038975 0.0674047 0.0856277 0.0971557 0.104656 0.109569 0.112717 0.114905 0.116313 0.117428 0.118131 0.118648 0.119054 0.119459 0.119599 0.119556 0.119379 0.119195 0.119233 0.119389 0.119488 0.119479 0.119393 0.119297 0.119352 0.119531 0.119681 0.119791 0.119772 0.11994 0.119993 0.120016 0.120006 0.119909 0.119931 0.119906 0.119865 0.119832 0.119834 0.119839 0.119894 0.11993 0.119972 0.120002 0.119947 0.119812 0.119697 0.119687 0.119767 0.119808 
0.0308974 0.0496611 0.0594351 0.064544 0.0673756 0.0689672 0.0697827 0.0702545 0.0705004 0.0707187 0.070786 0.0708417 0.0709541 0.0710722 0.0711372 0.0710533 0.071014 0.0709386 0.0710254 0.0710656 0.0710798 0.0710792 0.0710945 0.0710264 0.0709311 0.0709934 0.0710765 0.0711772 0.0711485 0.0711773 0.0711781 0.0711653 0.0712254 0.0712143 0.071208 0.0711799 0.0711249 0.0710696 0.0710422 0.0711101 0.0711768 0.0711986 0.0711748 0.0711489 0.071109 0.071087 0.0711314 0.0711176 0.0711791 0.0712493 
